N_ROWS	N_COLS	MRTIME_onDEV	MRTIME_HOST	CT_DtH_M	CT_HtD_V
1	1	2.694130e-05	0.000000e+00	7.152557e-06	9.536743e-07
2	1	2.789497e-05	0.000000e+00	6.914139e-06	1.907349e-06
4	1	2.694130e-05	0.000000e+00	7.867813e-06	1.907349e-06
8	1	2.813339e-05	0.000000e+00	7.867813e-06	9.536743e-07
16	1	2.694130e-05	0.000000e+00	8.106232e-06	9.536743e-07
32	1	2.908707e-05	0.000000e+00	8.106232e-06	1.907349e-06
64	1	3.099442e-05	0.000000e+00	7.867813e-06	1.907349e-06
128	1	3.600121e-05	0.000000e+00	6.914139e-06	9.536743e-07
256	1	4.506111e-05	0.000000e+00	6.914139e-06	9.536743e-07
512	1	6.508827e-05	9.536743e-07	9.059906e-06	9.536743e-07
1024	1	1.010895e-04	1.907349e-06	9.059906e-06	9.536743e-07
2048	1	1.759529e-04	5.006790e-06	1.096725e-05	9.536743e-07
4096	1	3.259182e-04	8.821487e-06	1.502037e-05	1.907349e-06
8192	1	6.239414e-04	2.002716e-05	2.312660e-05	1.907349e-06
1	2	2.694130e-05	0.000000e+00	7.152557e-06	9.536743e-07
2	2	2.694130e-05	0.000000e+00	7.152557e-06	9.536743e-07
4	2	2.694130e-05	0.000000e+00	7.867813e-06	1.907349e-06
8	2	2.813339e-05	0.000000e+00	6.914139e-06	9.536743e-07
16	2	2.789497e-05	0.000000e+00	7.867813e-06	9.536743e-07
32	2	2.884865e-05	0.000000e+00	7.152557e-06	9.536743e-07
64	2	3.099442e-05	0.000000e+00	6.914139e-06	1.192093e-06
128	2	3.600121e-05	0.000000e+00	7.867813e-06	9.536743e-07
256	2	4.506111e-05	9.536743e-07	8.106232e-06	1.907349e-06
512	2	6.389618e-05	9.536743e-07	7.867813e-06	1.192093e-06
1024	2	1.010895e-04	3.099442e-06	1.096725e-05	9.536743e-07
2048	2	1.759529e-04	5.006790e-06	1.502037e-05	9.536743e-07
4096	2	3.249645e-04	1.192093e-05	2.312660e-05	1.907349e-06
8192	2	6.239414e-04	2.408028e-05	4.100800e-05	1.907349e-06
1	4	2.694130e-05	0.000000e+00	6.914139e-06	1.192093e-06
2	4	2.789497e-05	0.000000e+00	7.152557e-06	9.536743e-07
4	4	2.694130e-05	0.000000e+00	6.914139e-06	9.536743e-07
8	4	2.789497e-05	0.000000e+00	7.152557e-06	9.536743e-07
16	4	2.884865e-05	0.000000e+00	8.106232e-06	9.536743e-07
32	4	3.004074e-05	0.000000e+00	7.867813e-06	1.907349e-06
64	4	3.194809e-05	0.000000e+00	7.152557e-06	1.907349e-06
128	4	3.600121e-05	0.000000e+00	8.106232e-06	9.536743e-07
256	4	4.506111e-05	9.536743e-07	8.821487e-06	9.536743e-07
512	4	6.389618e-05	9.536743e-07	1.192093e-05	9.536743e-07
1024	4	1.010895e-04	1.907349e-06	1.597404e-05	9.536743e-07
2048	4	1.759529e-04	6.914139e-06	2.408028e-05	1.907349e-06
4096	4	3.249645e-04	1.192093e-05	4.100800e-05	1.907349e-06
8192	4	6.229877e-04	2.384186e-05	7.295609e-05	1.907349e-06
1	8	2.694130e-05	0.000000e+00	7.152557e-06	9.536743e-07
2	8	2.717972e-05	0.000000e+00	6.914139e-06	9.536743e-07
4	8	2.694130e-05	0.000000e+00	6.914139e-06	1.192093e-06
8	8	2.789497e-05	0.000000e+00	7.867813e-06	9.536743e-07
16	8	2.884865e-05	0.000000e+00	8.106232e-06	9.536743e-07
32	8	3.004074e-05	0.000000e+00	7.867813e-06	9.536743e-07
64	8	3.099442e-05	0.000000e+00	7.867813e-06	1.907349e-06
128	8	3.695488e-05	0.000000e+00	8.821487e-06	1.907349e-06
256	8	4.601479e-05	9.536743e-07	1.096725e-05	9.536743e-07
512	8	6.389618e-05	2.145767e-06	1.597404e-05	9.536743e-07
1024	8	1.008511e-04	3.814697e-06	2.288818e-05	1.907349e-06
2048	8	1.759529e-04	8.821487e-06	4.100800e-05	1.907349e-06
4096	8	3.259182e-04	1.716614e-05	7.390976e-05	1.907349e-06
8192	8	8.690357e-04	3.314018e-05	1.380444e-04	1.907349e-06
1	16	2.217293e-05	0.000000e+00	5.960464e-06	9.536743e-07
2	16	2.408028e-05	0.000000e+00	7.152557e-06	9.536743e-07
4	16	2.694130e-05	0.000000e+00	6.914139e-06	9.536743e-07
8	16	2.312660e-05	0.000000e+00	6.914139e-06	1.907349e-06
16	16	2.789497e-05	0.000000e+00	7.867813e-06	9.536743e-07
32	16	2.908707e-05	0.000000e+00	7.867813e-06	9.536743e-07
64	16	3.194809e-05	0.000000e+00	9.059906e-06	9.536743e-07
128	16	3.600121e-05	9.536743e-07	1.192093e-05	9.536743e-07
256	16	4.601479e-05	1.907349e-06	1.478195e-05	9.536743e-07
512	16	6.508827e-05	2.861023e-06	2.384186e-05	1.192093e-06
1024	16	1.020432e-04	5.960464e-06	4.005432e-05	1.907349e-06
2048	16	1.769066e-04	1.287460e-05	7.200241e-05	1.907349e-06
4096	16	4.408360e-04	2.479553e-05	1.370907e-04	1.907349e-06
8192	16	8.549690e-04	5.984306e-05	2.751350e-04	1.907349e-06
1	32	2.694130e-05	0.000000e+00	7.867813e-06	9.536743e-07
2	32	2.813339e-05	0.000000e+00	7.867813e-06	9.536743e-07
4	32	2.813339e-05	0.000000e+00	7.867813e-06	1.907349e-06
8	32	2.789497e-05	0.000000e+00	8.106232e-06	9.536743e-07
16	32	2.789497e-05	0.000000e+00	8.106232e-06	9.536743e-07
32	32	3.004074e-05	0.000000e+00	9.059906e-06	9.536743e-07
64	32	3.099442e-05	0.000000e+00	1.096725e-05	9.536743e-07
128	32	3.600121e-05	9.536743e-07	1.597404e-05	1.907349e-06
256	32	4.601479e-05	2.861023e-06	2.312660e-05	1.907349e-06
512	32	6.389618e-05	5.960464e-06	4.100800e-05	1.907349e-06
1024	32	1.010895e-04	1.001358e-05	7.295609e-05	1.907349e-06
2048	32	2.040863e-04	2.098083e-05	1.370907e-04	1.907349e-06
4096	32	4.348755e-04	4.196167e-05	2.660751e-04	2.861023e-06
8192	32	8.449554e-04	8.392334e-05	4.589558e-04	1.907349e-06
1	64	2.694130e-05	0.000000e+00	6.914139e-06	1.907349e-06
2	64	2.813339e-05	0.000000e+00	6.914139e-06	1.192093e-06
4	64	2.694130e-05	0.000000e+00	5.960464e-06	9.536743e-07
8	64	2.813339e-05	0.000000e+00	7.867813e-06	9.536743e-07
16	64	2.789497e-05	0.000000e+00	9.059906e-06	1.907349e-06
32	64	2.789497e-05	9.536743e-07	1.001358e-05	1.907349e-06
64	64	3.099442e-05	9.536743e-07	1.597404e-05	9.536743e-07
128	64	3.600121e-05	2.861023e-06	2.288818e-05	9.536743e-07
256	64	4.601479e-05	5.006790e-06	4.100800e-05	1.907349e-06
512	64	6.484985e-05	1.001358e-05	7.295609e-05	1.907349e-06
1024	64	1.120567e-04	1.883507e-05	1.370907e-04	1.907349e-06
2048	64	2.210140e-04	3.790855e-05	2.729893e-04	2.861023e-06
4096	64	4.348755e-04	7.700920e-05	4.601479e-04	2.861023e-06
8192	64	8.411407e-04	1.709461e-04	8.549690e-04	2.861023e-06
1	128	2.694130e-05	0.000000e+00	7.867813e-06	1.907349e-06
2	128	2.717972e-05	0.000000e+00	7.867813e-06	9.536743e-07
4	128	2.813339e-05	0.000000e+00	7.867813e-06	9.536743e-07
8	128	2.813339e-05	0.000000e+00	8.821487e-06	1.907349e-06
16	128	2.789497e-05	9.536743e-07	1.120567e-05	9.536743e-07
32	128	2.980232e-05	9.536743e-07	1.502037e-05	9.536743e-07
64	128	3.194809e-05	2.861023e-06	2.384186e-05	1.907349e-06
128	128	3.576279e-05	5.006790e-06	3.981590e-05	1.907349e-06
256	128	4.601479e-05	1.001358e-05	7.390976e-05	1.907349e-06
512	128	6.890297e-05	2.121925e-05	1.368523e-04	1.907349e-06
1024	128	1.211166e-04	4.196167e-05	2.789497e-04	1.907349e-06
2048	128	2.260208e-04	1.161098e-04	4.649162e-04	1.907349e-06
4096	128	4.329681e-04	2.090931e-04	8.449554e-04	2.145767e-06
8192	128	8.430481e-04	5.140305e-04	1.671076e-03	4.053116e-06
1	256	2.598763e-05	0.000000e+00	7.867813e-06	1.907349e-06
2	256	2.694130e-05	0.000000e+00	8.106232e-06	9.536743e-07
4	256	2.694130e-05	0.000000e+00	8.106232e-06	1.192093e-06
8	256	2.694130e-05	9.536743e-07	1.096725e-05	1.192093e-06
16	256	2.789497e-05	9.536743e-07	1.502037e-05	1.192093e-06
32	256	2.908707e-05	1.907349e-06	2.288818e-05	1.907349e-06
64	256	3.194809e-05	1.001358e-05	4.005432e-05	1.907349e-06
128	256	3.504753e-05	1.788139e-05	7.295609e-05	1.907349e-06
256	256	4.696846e-05	1.907349e-05	1.430511e-04	2.145767e-06
512	256	7.295609e-05	3.814697e-05	2.670288e-04	2.145767e-06
1024	256	1.251698e-04	8.893013e-05	4.730225e-04	2.861023e-06
2048	256	2.269745e-04	2.379417e-04	8.690357e-04	2.861023e-06
4096	256	4.301071e-04	5.099773e-04	1.647949e-03	5.006790e-06
8192	256	8.339882e-04	1.164913e-03	3.159046e-03	6.914139e-06
1	512	2.813339e-05	0.000000e+00	7.867813e-06	1.907349e-06
2	512	2.717972e-05	0.000000e+00	1.001358e-05	2.145767e-06
4	512	2.789497e-05	0.000000e+00	1.096725e-05	1.907349e-06
8	512	2.789497e-05	9.536743e-07	1.502037e-05	1.907349e-06
16	512	2.789497e-05	2.861023e-06	2.288818e-05	1.907349e-06
32	512	2.908707e-05	4.053116e-06	4.100800e-05	1.907349e-06
64	512	3.194809e-05	9.059906e-06	7.390976e-05	2.145767e-06
128	512	3.695488e-05	1.811981e-05	1.368523e-04	1.907349e-06
256	512	5.006790e-05	3.886223e-05	2.639294e-04	1.907349e-06
512	512	7.605553e-05	7.891655e-05	4.470348e-04	2.145767e-06
1024	512	1.268387e-04	1.850128e-04	8.790493e-04	2.861023e-06
2048	512	2.279282e-04	5.080700e-04	1.605034e-03	4.053116e-06
4096	512	4.329681e-04	1.148939e-03	3.181934e-03	5.960464e-06
8192	512	8.361340e-04	2.013922e-03	6.119967e-03	6.914139e-06
1	1024	2.717972e-05	0.000000e+00	8.821487e-06	1.907349e-06
2	1024	2.694130e-05	9.536743e-07	1.096725e-05	1.907349e-06
4	1024	2.717972e-05	1.907349e-06	1.478195e-05	1.907349e-06
8	1024	2.789497e-05	3.099442e-06	2.288818e-05	1.907349e-06
16	1024	2.813339e-05	5.006790e-06	4.005432e-05	1.907349e-06
32	1024	3.004074e-05	1.001358e-05	7.200241e-05	1.907349e-06
64	1024	3.099442e-05	1.907349e-05	1.368523e-04	1.907349e-06
128	1024	3.910065e-05	3.910065e-05	2.641678e-04	1.907349e-06
256	1024	5.197525e-05	7.891655e-05	4.470348e-04	2.861023e-06
512	1024	7.891655e-05	1.828671e-04	8.120537e-04	2.861023e-06
1024	1024	1.308918e-04	4.239082e-04	1.548052e-03	4.053116e-06
2048	1024	2.388954e-04	9.701252e-04	3.032923e-03	5.960464e-06
4096	1024	4.479885e-04	2.009153e-03	6.060839e-03	5.960464e-06
8192	1024	8.659363e-04	4.112005e-03	1.206493e-02	6.914139e-06
1	2048	2.694130e-05	9.536743e-07	1.096725e-05	2.145767e-06
2	2048	2.789497e-05	1.907349e-06	1.478195e-05	1.907349e-06
4	2048	2.813339e-05	1.907349e-06	2.312660e-05	1.907349e-06
8	2048	2.813339e-05	5.006790e-06	3.981590e-05	2.861023e-06
16	2048	2.908707e-05	1.001358e-05	7.295609e-05	2.861023e-06
32	2048	3.099442e-05	1.883507e-05	1.358986e-04	2.861023e-06
64	2048	3.480911e-05	4.100800e-05	2.639294e-04	2.861023e-06
128	2048	4.291534e-05	8.821487e-05	4.439354e-04	2.861023e-06
256	2048	5.793571e-05	1.919270e-04	8.120537e-04	3.099442e-06
512	2048	8.893013e-05	4.229546e-04	1.537085e-03	4.053116e-06
1024	2048	1.459122e-04	9.958744e-04	3.049135e-03	5.960464e-06
2048	2048	2.591610e-04	2.008915e-03	6.053209e-03	6.914139e-06
4096	2048	4.799366e-04	4.070997e-03	1.205111e-02	6.914139e-06
8192	2048	9.341240e-04	9.527206e-03	2.535605e-02	9.059906e-06
1	4096	2.813339e-05	2.861023e-06	1.597404e-05	2.861023e-06
2	4096	2.813339e-05	5.960464e-06	2.384186e-05	2.861023e-06
4	4096	2.694130e-05	6.914139e-06	4.100800e-05	3.814697e-06
8	4096	2.789497e-05	1.287460e-05	7.200241e-05	4.053116e-06
16	4096	3.099442e-05	2.503395e-05	1.368523e-04	3.814697e-06
32	4096	3.409386e-05	5.292892e-05	2.639294e-04	3.814697e-06
64	4096	4.100800e-05	1.039505e-04	4.680157e-04	4.053116e-06
128	4096	5.507469e-05	2.720356e-04	8.618832e-04	4.053116e-06
256	4096	8.296967e-05	6.010532e-04	1.634121e-03	5.960464e-06
512	4096	1.339912e-04	1.163960e-03	3.063917e-03	7.867813e-06
1024	4096	2.269745e-04	2.398968e-03	6.134987e-03	9.059906e-06
2048	4096	4.229546e-04	5.215883e-03	1.254296e-02	1.001358e-05
4096	4096	8.220673e-04	1.053905e-02	2.524304e-02	1.096725e-05
8192	4096	1.621008e-03	1.920104e-02	4.819918e-02	9.059906e-06
1	8192	3.600121e-05	6.914139e-06	2.288818e-05	4.768372e-06
2	8192	3.790855e-05	9.059906e-06	4.100800e-05	5.006790e-06
4	8192	3.814697e-05	1.478195e-05	7.200241e-05	5.960464e-06
8	8192	4.696846e-05	3.004074e-05	1.368523e-04	5.960464e-06
16	8192	4.196167e-05	5.197525e-05	2.641678e-04	5.006790e-06
32	8192	4.887581e-05	1.049042e-04	4.498959e-04	5.960464e-06
64	8192	6.198883e-05	2.090931e-04	8.769035e-04	6.914139e-06
128	8192	8.702278e-05	4.599094e-04	1.543999e-03	6.914139e-06
256	8192	1.351833e-04	1.054049e-03	3.041983e-03	8.821487e-06
512	8192	2.329350e-04	2.212048e-03	6.074905e-03	1.096725e-05
1024	8192	4.229546e-04	4.579067e-03	1.208711e-02	1.096725e-05
2048	8192	8.130074e-04	1.057410e-02	2.503204e-02	1.215935e-05
4096	8192	1.580954e-03	2.059817e-02	4.858398e-02	1.192093e-05
8192	8192	3.118992e-03	3.930402e-02	9.637094e-02	1.096725e-05
