N_ROWS	N_COLS	MRTIME_onDEV_T1	MRTIME_HOST	CT_DtH	MRTIME_onDEV_Tp
128	128	1	6.805897e-03	7.915497e-05	6.807089e-03
128	128	2	6.805897e-03	7.915497e-05	6.803989e-03
128	128	4	6.805897e-03	7.915497e-05	1.976013e-03
128	128	8	6.805897e-03	7.915497e-05	1.974106e-03
128	128	16	6.805897e-03	7.915497e-05	6.439686e-04
128	128	32	6.805897e-03	7.915497e-05	5.340576e-04
128	128	64	6.805897e-03	7.915497e-05	1.718998e-04
128	128	128	6.805897e-03	7.915497e-05	1.189709e-04
128	128	256	6.805897e-03	7.915497e-05	4.291534e-05
128	128	512	6.805897e-03	7.915497e-05	3.790855e-05
128	128	1024	6.805897e-03	7.915497e-05	2.193451e-05
128	128	8192	6.805897e-03	7.915497e-05	1.406670e-05
128	128	16384	6.805897e-03	7.915497e-05	1.406670e-05
128	128	73728	6.805897e-03	7.915497e-05	1.406670e-05
512	128	1	2.852702e-02	3.390312e-04	2.917695e-02
512	128	2	2.852702e-02	3.390312e-04	2.917600e-02
512	128	4	2.852702e-02	3.390312e-04	8.888006e-03
512	128	8	2.852702e-02	3.390312e-04	8.887053e-03
512	128	16	2.852702e-02	3.390312e-04	3.072023e-03
512	128	32	2.852702e-02	3.390312e-04	2.402067e-03
512	128	64	2.852702e-02	3.390312e-04	7.779598e-04
512	128	128	2.852702e-02	3.390312e-04	5.018711e-04
512	128	256	2.852702e-02	3.390312e-04	1.728535e-04
512	128	512	2.852702e-02	3.390312e-04	1.320839e-04
512	128	1024	2.852702e-02	3.390312e-04	6.484985e-05
512	128	8192	2.852702e-02	3.390312e-04	2.598763e-05
512	128	16384	2.852702e-02	3.390312e-04	2.598763e-05
512	128	73728	2.852702e-02	3.390312e-04	2.598763e-05
2048	128	1	1.177051e-01	1.320124e-03	1.177680e-01
2048	128	2	1.177051e-01	1.320124e-03	1.177649e-01
2048	128	4	1.177051e-01	1.320124e-03	3.583312e-02
2048	128	8	1.177051e-01	1.320124e-03	3.582311e-02
2048	128	16	1.177051e-01	1.320124e-03	1.222420e-02
2048	128	32	1.177051e-01	1.320124e-03	9.603977e-03
2048	128	64	1.177051e-01	1.320124e-03	3.072023e-03
2048	128	128	1.177051e-01	1.320124e-03	1.960993e-03
2048	128	256	1.177051e-01	1.320124e-03	6.539822e-04
2048	128	512	1.177051e-01	1.320124e-03	4.870892e-04
2048	128	1024	1.177051e-01	1.320124e-03	2.200603e-04
2048	128	8192	1.177051e-01	1.320124e-03	6.890297e-05
2048	128	16384	1.177051e-01	1.320124e-03	6.890297e-05
2048	128	73728	1.177051e-01	1.320124e-03	6.103516e-05
128	512	1	2.852297e-02	3.058910e-04	2.920008e-02
128	512	2	2.852297e-02	3.058910e-04	2.919888e-02
128	512	4	2.852297e-02	3.058910e-04	8.877993e-03
128	512	8	2.852297e-02	3.058910e-04	8.877993e-03
128	512	16	2.852297e-02	3.058910e-04	3.066063e-03
128	512	32	2.852297e-02	3.058910e-04	2.428055e-03
128	512	64	2.852297e-02	3.058910e-04	7.801056e-04
128	512	128	2.852297e-02	3.058910e-04	5.149841e-04
128	512	256	2.852297e-02	3.058910e-04	1.769066e-04
128	512	512	2.852297e-02	3.058910e-04	1.380444e-04
128	512	1024	2.852297e-02	3.058910e-04	6.508827e-05
128	512	8192	2.852297e-02	3.058910e-04	2.717972e-05
128	512	16384	2.852297e-02	3.058910e-04	2.598763e-05
128	512	73728	2.852297e-02	3.058910e-04	2.598763e-05
512	512	1	1.165729e-01	1.300097e-03	1.166611e-01
512	512	2	1.165729e-01	1.300097e-03	1.166611e-01
512	512	4	1.165729e-01	1.300097e-03	3.534603e-02
512	512	8	1.165729e-01	1.300097e-03	3.534603e-02
512	512	16	1.165729e-01	1.300097e-03	1.214886e-02
512	512	32	1.165729e-01	1.300097e-03	9.557962e-03
512	512	64	1.165729e-01	1.300097e-03	3.072023e-03
512	512	128	1.165729e-01	1.300097e-03	1.962900e-03
512	512	256	1.165729e-01	1.300097e-03	6.570816e-04
512	512	512	1.165729e-01	1.300097e-03	5.059242e-04
512	512	1024	1.165729e-01	1.300097e-03	2.210140e-04
512	512	8192	1.165729e-01	1.300097e-03	6.985664e-05
512	512	16384	1.165729e-01	1.300097e-03	6.985664e-05
512	512	73728	1.165729e-01	1.300097e-03	6.985664e-05
2048	512	1	4.676199e-01	5.167007e-03	4.676979e-01
2048	512	2	4.676199e-01	5.167007e-03	4.676759e-01
2048	512	4	4.676199e-01	5.167007e-03	1.413360e-01
2048	512	8	4.676199e-01	5.167007e-03	1.413360e-01
2048	512	16	4.676199e-01	5.167007e-03	4.853797e-02
2048	512	32	4.676199e-01	5.167007e-03	3.817892e-02
2048	512	64	4.676199e-01	5.167007e-03	1.226115e-02
2048	512	128	4.676199e-01	5.167007e-03	7.819176e-03
2048	512	256	4.676199e-01	5.167007e-03	2.591848e-03
2048	512	512	4.676199e-01	5.167007e-03	1.940966e-03
2048	512	1024	4.676199e-01	5.167007e-03	8.339882e-04
2048	512	8192	4.676199e-01	5.167007e-03	2.520084e-04
2048	512	16384	4.676199e-01	5.167007e-03	2.520084e-04
2048	512	73728	4.676199e-01	5.167007e-03	2.520084e-04
128	2048	1	1.169181e-01	1.235008e-03	1.170421e-01
128	2048	2	1.169181e-01	1.235008e-03	1.170380e-01
128	2048	4	1.169181e-01	1.235008e-03	3.534603e-02
128	2048	8	1.169181e-01	1.235008e-03	3.534603e-02
128	2048	16	1.169181e-01	1.235008e-03	1.223612e-02
128	2048	32	1.169181e-01	1.235008e-03	9.659052e-03
128	2048	64	1.169181e-01	1.235008e-03	3.124952e-03
128	2048	128	1.169181e-01	1.235008e-03	2.022982e-03
128	2048	256	1.169181e-01	1.235008e-03	6.709099e-04
128	2048	512	1.169181e-01	1.235008e-03	5.080700e-04
128	2048	1024	1.169181e-01	1.235008e-03	2.279282e-04
128	2048	8192	1.169181e-01	1.235008e-03	7.486343e-05
128	2048	16384	1.169181e-01	1.235008e-03	7.486343e-05
128	2048	73728	1.169181e-01	1.235008e-03	6.508827e-05
512	2048	1	4.677331e-01	4.992008e-03	4.677761e-01
512	2048	2	4.677331e-01	4.992008e-03	4.676640e-01
512	2048	4	4.677331e-01	4.992008e-03	1.410990e-01
512	2048	8	4.677331e-01	4.992008e-03	1.410961e-01
512	2048	16	4.677331e-01	4.992008e-03	4.877496e-02
512	2048	32	4.677331e-01	4.992008e-03	3.818798e-02
512	2048	64	4.677331e-01	4.992008e-03	1.231885e-02
512	2048	128	4.677331e-01	4.992008e-03	7.798910e-03
512	2048	256	4.677331e-01	4.992008e-03	2.617121e-03
512	2048	512	4.677331e-01	4.992008e-03	1.976967e-03
512	2048	1024	4.677331e-01	4.992008e-03	8.368492e-04
512	2048	8192	4.677331e-01	4.992008e-03	2.529621e-04
512	2048	16384	4.677331e-01	4.992008e-03	2.529621e-04
512	2048	73728	4.677331e-01	4.992008e-03	2.450943e-04
2048	2048	1	1.869734e+00	1.991010e-02	1.869896e+00
2048	2048	2	1.869734e+00	1.991010e-02	1.869896e+00
2048	2048	4	1.869734e+00	1.991010e-02	5.647681e-01
2048	2048	8	1.869734e+00	1.991010e-02	5.640788e-01
2048	2048	16	1.869734e+00	1.991010e-02	1.945560e-01
2048	2048	32	1.869734e+00	1.991010e-02	1.527522e-01
2048	2048	64	1.869734e+00	1.991010e-02	4.922199e-02
2048	2048	128	1.869734e+00	1.991010e-02	3.116608e-02
2048	2048	256	1.869734e+00	1.991010e-02	1.026702e-02
2048	2048	512	1.869734e+00	1.991010e-02	7.620096e-03
2048	2048	1024	1.869734e+00	1.991010e-02	3.294945e-03
2048	2048	8192	1.869734e+00	1.991010e-02	9.651184e-04
2048	2048	16384	1.869734e+00	1.991010e-02	9.629726e-04
2048	2048	73728	1.869734e+00	1.991010e-02	9.629726e-04
