N_ROWS	N_COLS	MRTIME_onDEV	MRTIME_HOST	CT_DtH	CT_HtD
1	1	5.006790e-06	0.000000e+00	1.597404e-05	9.536743e-07
2	1	5.006790e-06	0.000000e+00	1.597404e-05	9.536743e-07
4	1	5.960464e-06	0.000000e+00	1.597404e-05	9.536743e-07
8	1	5.006790e-06	0.000000e+00	1.406670e-05	9.536743e-07
16	1	5.006790e-06	0.000000e+00	1.597404e-05	1.192093e-06
32	1	5.960464e-06	0.000000e+00	1.502037e-05	9.536743e-07
64	1	4.768372e-06	0.000000e+00	1.597404e-05	9.536743e-07
128	1	5.006790e-06	0.000000e+00	1.597404e-05	1.907349e-06
256	1	5.960464e-06	0.000000e+00	1.597404e-05	9.536743e-07
512	1	5.960464e-06	0.000000e+00	1.502037e-05	1.907349e-06
1024	1	2.145767e-06	9.536743e-07	1.597404e-05	1.907349e-06
2048	1	5.006790e-06	3.099442e-06	1.811981e-05	2.861023e-06
4096	1	5.960464e-06	5.960464e-06	2.193451e-05	5.006790e-06
8192	1	5.006790e-06	1.311302e-05	3.099442e-05	7.867813e-06
1	2	5.960464e-06	0.000000e+00	1.597404e-05	9.536743e-07
2	2	5.006790e-06	0.000000e+00	1.502037e-05	9.536743e-07
4	2	5.006790e-06	0.000000e+00	1.502037e-05	9.536743e-07
8	2	5.006790e-06	0.000000e+00	1.597404e-05	9.536743e-07
16	2	5.006790e-06	0.000000e+00	1.597404e-05	9.536743e-07
32	2	5.960464e-06	0.000000e+00	1.597404e-05	9.536743e-07
64	2	5.006790e-06	0.000000e+00	1.597404e-05	9.536743e-07
128	2	5.960464e-06	0.000000e+00	1.597404e-05	9.536743e-07
256	2	5.960464e-06	9.536743e-07	1.502037e-05	1.907349e-06
512	2	5.006790e-06	1.907349e-06	1.502037e-05	1.907349e-06
1024	2	5.960464e-06	3.099442e-06	1.811981e-05	2.861023e-06
2048	2	5.960464e-06	6.914139e-06	2.193451e-05	5.006790e-06
4096	2	5.006790e-06	1.406670e-05	2.789497e-05	8.106232e-06
8192	2	6.914139e-06	3.194809e-05	4.792213e-05	1.001358e-05
1	4	5.006790e-06	0.000000e+00	1.692772e-05	9.536743e-07
2	4	3.814697e-06	0.000000e+00	1.597404e-05	1.192093e-06
4	4	5.006790e-06	0.000000e+00	1.692772e-05	9.536743e-07
8	4	5.960464e-06	0.000000e+00	1.597404e-05	9.536743e-07
16	4	5.960464e-06	0.000000e+00	1.502037e-05	9.536743e-07
32	4	5.006790e-06	0.000000e+00	1.692772e-05	9.536743e-07
64	4	5.960464e-06	0.000000e+00	1.502037e-05	1.907349e-06
128	4	5.006790e-06	0.000000e+00	1.597404e-05	1.907349e-06
256	4	5.006790e-06	9.536743e-07	1.597404e-05	1.907349e-06
512	4	5.960464e-06	2.861023e-06	1.692772e-05	2.861023e-06
1024	4	5.960464e-06	5.960464e-06	2.193451e-05	5.006790e-06
2048	4	5.006790e-06	1.192093e-05	3.004074e-05	7.867813e-06
4096	4	5.960464e-06	2.193451e-05	4.792213e-05	9.059906e-06
8192	4	6.198883e-06	4.601479e-05	8.106232e-05	1.716614e-05
1	8	5.006790e-06	0.000000e+00	1.597404e-05	9.536743e-07
2	8	5.006790e-06	0.000000e+00	1.692772e-05	1.192093e-06
4	8	5.006790e-06	0.000000e+00	1.597404e-05	9.536743e-07
8	8	5.960464e-06	0.000000e+00	1.597404e-05	9.536743e-07
16	8	5.006790e-06	0.000000e+00	1.597404e-05	9.536743e-07
32	8	5.006790e-06	0.000000e+00	1.597404e-05	1.907349e-06
64	8	5.006790e-06	0.000000e+00	1.502037e-05	9.536743e-07
128	8	5.960464e-06	9.536743e-07	1.597404e-05	1.907349e-06
256	8	5.960464e-06	1.907349e-06	1.811981e-05	3.099442e-06
512	8	5.006790e-06	5.006790e-06	2.193451e-05	5.006790e-06
1024	8	5.960464e-06	1.001358e-05	3.099442e-05	7.867813e-06
2048	8	5.006790e-06	2.288818e-05	4.792213e-05	9.059906e-06
4096	8	6.198883e-06	4.291534e-05	8.106232e-05	1.597404e-05
8192	8	5.960464e-06	8.606911e-05	1.440048e-04	2.908707e-05
1	16	5.006790e-06	0.000000e+00	1.406670e-05	9.536743e-07
2	16	5.960464e-06	0.000000e+00	1.597404e-05	9.536743e-07
4	16	5.960464e-06	0.000000e+00	1.597404e-05	9.536743e-07
8	16	5.006790e-06	0.000000e+00	1.597404e-05	9.536743e-07
16	16	5.960464e-06	0.000000e+00	1.502037e-05	9.536743e-07
32	16	9.536743e-07	9.536743e-07	1.502037e-05	2.145767e-06
64	16	5.960464e-06	9.536743e-07	1.597404e-05	1.907349e-06
128	16	5.960464e-06	1.907349e-06	2.193451e-05	2.861023e-06
256	16	5.006790e-06	4.053116e-06	2.288818e-05	4.768372e-06
512	16	6.198883e-06	9.059906e-06	3.099442e-05	7.867813e-06
1024	16	5.960464e-06	2.193451e-05	4.816055e-05	8.821487e-06
2048	16	6.198883e-06	4.196167e-05	8.106232e-05	1.597404e-05
4096	16	5.960464e-06	9.107590e-05	1.449585e-04	2.884865e-05
8192	16	5.960464e-06	1.671314e-04	2.880096e-04	5.602837e-05
1	32	5.006790e-06	0.000000e+00	1.597404e-05	9.536743e-07
2	32	5.960464e-06	0.000000e+00	1.597404e-05	9.536743e-07
4	32	5.006790e-06	9.536743e-07	1.502037e-05	9.536743e-07
8	32	5.006790e-06	0.000000e+00	1.597404e-05	9.536743e-07
16	32	5.960464e-06	0.000000e+00	1.502037e-05	1.907349e-06
32	32	5.960464e-06	9.536743e-07	1.406670e-05	1.907349e-06
64	32	3.814697e-06	2.861023e-06	1.811981e-05	1.907349e-06
128	32	5.960464e-06	4.053116e-06	2.098083e-05	2.861023e-06
256	32	5.006790e-06	8.821487e-06	3.099442e-05	5.006790e-06
512	32	5.960464e-06	2.288818e-05	4.696846e-05	9.059906e-06
1024	32	1.502037e-05	4.386902e-05	8.010864e-05	1.502037e-05
2048	32	5.960464e-06	8.416176e-05	1.449585e-04	2.908707e-05
4096	32	5.960464e-06	1.671314e-04	2.760887e-04	5.602837e-05
8192	32	5.960464e-06	3.430843e-04	4.711151e-04	1.358986e-04
1	64	5.006790e-06	0.000000e+00	1.692772e-05	9.536743e-07
2	64	5.006790e-06	0.000000e+00	1.597404e-05	1.907349e-06
4	64	5.960464e-06	0.000000e+00	1.597404e-05	9.536743e-07
8	64	5.960464e-06	0.000000e+00	1.597404e-05	1.907349e-06
16	64	5.006790e-06	9.536743e-07	1.597404e-05	1.907349e-06
32	64	5.006790e-06	2.145767e-06	1.788139e-05	2.145767e-06
64	64	5.006790e-06	4.053116e-06	2.312660e-05	3.814697e-06
128	64	5.960464e-06	9.059906e-06	3.099442e-05	5.006790e-06
256	64	5.960464e-06	2.288818e-05	4.911423e-05	9.059906e-06
512	64	5.006790e-06	4.506111e-05	8.296967e-05	1.597404e-05
1024	64	5.960464e-06	8.678436e-05	1.459122e-04	2.884865e-05
2048	64	5.960464e-06	1.718998e-04	3.011227e-04	5.483627e-05
4096	64	6.914139e-06	3.859997e-04	4.758835e-04	1.361370e-04
8192	64	5.960464e-06	7.169247e-04	8.890629e-04	4.980564e-04
1	128	5.960464e-06	0.000000e+00	1.597404e-05	9.536743e-07
2	128	5.960464e-06	0.000000e+00	1.692772e-05	1.907349e-06
4	128	5.960464e-06	0.000000e+00	1.788139e-05	2.145767e-06
8	128	5.006790e-06	1.192093e-06	1.597404e-05	1.907349e-06
16	128	4.053116e-06	2.145767e-06	1.811981e-05	1.907349e-06
32	128	5.006790e-06	5.006790e-06	2.288818e-05	2.861023e-06
64	128	4.768372e-06	9.059906e-06	3.004074e-05	5.006790e-06
128	128	5.960464e-06	2.503395e-05	4.792213e-05	8.821487e-06
256	128	7.152557e-06	4.410744e-05	8.010864e-05	1.597404e-05
512	128	6.914139e-06	8.487701e-05	1.568794e-04	2.908707e-05
1024	128	6.914139e-06	1.699924e-04	2.729893e-04	5.602837e-05
2048	128	5.960464e-06	3.621578e-04	4.799366e-04	1.349449e-04
4096	128	7.152557e-06	7.078648e-04	8.971691e-04	4.909039e-04
8192	128	5.960464e-06	1.569033e-03	1.682043e-03	1.217127e-03
1	256	5.006790e-06	0.000000e+00	1.597404e-05	9.536743e-07
2	256	5.006790e-06	9.536743e-07	1.597404e-05	9.536743e-07
4	256	5.960464e-06	9.536743e-07	1.597404e-05	1.907349e-06
8	256	5.006790e-06	2.145767e-06	1.692772e-05	1.907349e-06
16	256	5.006790e-06	5.006790e-06	2.193451e-05	3.099442e-06
32	256	5.006790e-06	9.059906e-06	3.099442e-05	5.006790e-06
64	256	5.960464e-06	2.288818e-05	4.911423e-05	8.821487e-06
128	256	5.960464e-06	4.410744e-05	7.987022e-05	1.597404e-05
256	256	7.152557e-06	8.893013e-05	1.459122e-04	2.884865e-05
512	256	5.960464e-06	1.988411e-04	2.751350e-04	5.602837e-05
1024	256	6.914139e-06	3.798008e-04	4.889965e-04	1.370907e-04
2048	256	6.914139e-06	6.730556e-04	8.308887e-04	4.680157e-04
4096	256	6.914139e-06	1.809835e-03	1.611948e-03	1.178980e-03
8192	256	7.152557e-06	3.081083e-03	3.113031e-03	2.476931e-03
1	512	5.006790e-06	9.536743e-07	1.597404e-05	9.536743e-07
2	512	5.960464e-06	9.536743e-07	1.692772e-05	1.907349e-06
4	512	4.053116e-06	1.907349e-06	1.597404e-05	1.907349e-06
8	512	5.960464e-06	5.006790e-06	2.288818e-05	2.861023e-06
16	512	6.198883e-06	9.059906e-06	2.908707e-05	5.006790e-06
32	512	5.960464e-06	2.288818e-05	4.792213e-05	8.821487e-06
64	512	6.914139e-06	4.482269e-05	8.106232e-05	1.597404e-05
128	512	7.152557e-06	8.487701e-05	1.451969e-04	2.789497e-05
256	512	7.152557e-06	1.640320e-04	2.710819e-04	5.507469e-05
512	512	7.152557e-06	3.271103e-04	4.520416e-04	1.327991e-04
1024	512	7.152557e-06	6.651878e-04	8.299351e-04	4.711151e-04
2048	512	5.197525e-05	1.822948e-03	1.619101e-03	1.188040e-03
4096	512	6.914139e-06	3.127098e-03	3.078938e-03	2.495050e-03
8192	512	7.152557e-06	6.177187e-03	6.072044e-03	5.012035e-03
1	1024	5.960464e-06	9.536743e-07	1.788139e-05	1.907349e-06
2	1024	5.960464e-06	1.907349e-06	1.692772e-05	1.907349e-06
4	1024	6.914139e-06	5.006790e-06	2.288818e-05	3.099442e-06
8	1024	5.960464e-06	9.059906e-06	3.099442e-05	5.006790e-06
16	1024	6.914139e-06	2.288818e-05	4.887581e-05	8.821487e-06
32	1024	7.152557e-06	4.386902e-05	8.296967e-05	1.597404e-05
64	1024	8.106232e-06	8.416176e-05	1.459122e-04	2.813339e-05
128	1024	7.152557e-06	1.659393e-04	2.729893e-04	5.507469e-05
256	1024	8.106232e-06	3.290176e-04	4.529953e-04	1.361370e-04
512	1024	7.867813e-06	6.661415e-04	8.258820e-04	4.699230e-04
1024	1024	6.914139e-06	1.823902e-03	1.617908e-03	1.181126e-03
2048	1024	8.106232e-06	3.097057e-03	3.078938e-03	2.492905e-03
4096	1024	8.106232e-06	6.155968e-03	6.075859e-03	5.011797e-03
8192	1024	6.914139e-06	1.335597e-02	1.208591e-02	1.018405e-02
1	2048	6.914139e-06	2.145767e-06	2.193451e-05	1.907349e-06
2	2048	7.152557e-06	5.960464e-06	2.622604e-05	2.861023e-06
4	2048	6.914139e-06	1.096725e-05	3.409386e-05	5.006790e-06
8	2048	7.867813e-06	2.408028e-05	5.197525e-05	9.059906e-06
16	2048	7.867813e-06	4.601479e-05	8.416176e-05	1.597404e-05
32	2048	8.106232e-06	8.893013e-05	1.490116e-04	2.884865e-05
64	2048	8.106232e-06	1.740456e-04	2.748966e-04	5.507469e-05
128	2048	9.059906e-06	3.421307e-04	4.999638e-04	1.378059e-04
256	2048	5.102158e-05	7.541180e-04	8.611679e-04	4.968643e-04
512	2048	8.106232e-06	1.909971e-03	1.622200e-03	1.174927e-03
1024	2048	8.821487e-06	3.265142e-03	3.105879e-03	2.481937e-03
2048	2048	7.867813e-06	6.591797e-03	6.047964e-03	5.023003e-03
4096	2048	9.059906e-06	1.304317e-02	1.200509e-02	1.006794e-02
8192	2048	9.059906e-06	2.626514e-02	2.425289e-02	2.022791e-02
1	4096	9.059906e-06	5.006790e-06	3.004074e-05	3.814697e-06
2	4096	1.001358e-05	1.096725e-05	3.814697e-05	5.006790e-06
4	4096	1.001358e-05	2.408028e-05	5.483627e-05	8.821487e-06
8	4096	1.001358e-05	4.506111e-05	8.893013e-05	1.502037e-05
16	4096	1.096725e-05	9.202957e-05	1.537800e-04	2.908707e-05
32	4096	1.096725e-05	1.728535e-04	2.830029e-04	5.602837e-05
64	4096	1.001358e-05	3.621578e-04	4.761219e-04	1.521111e-04
128	4096	1.120567e-05	7.629395e-04	8.749962e-04	4.899502e-04
256	4096	1.096725e-05	2.030134e-03	1.707792e-03	1.266956e-03
512	4096	1.096725e-05	3.398895e-03	3.196001e-03	2.484798e-03
1024	4096	1.096725e-05	6.841898e-03	6.295919e-03	5.098820e-03
2048	4096	1.096725e-05	1.248908e-02	1.206613e-02	1.007509e-02
4096	4096	5.483627e-05	2.491093e-02	2.388215e-02	2.020288e-02
8192	4096	5.483627e-05	5.383587e-02	4.867792e-02	4.072595e-02
1	8192	1.382828e-05	1.096725e-05	4.816055e-05	5.006790e-06
2	8192	2.217293e-05	2.384186e-05	6.508827e-05	9.059906e-06
4	8192	1.502037e-05	4.482269e-05	9.679794e-05	1.597404e-05
8	8192	1.502037e-05	8.797646e-05	1.621246e-04	2.884865e-05
16	8192	1.502037e-05	1.730919e-04	3.030300e-04	5.507469e-05
32	8192	1.502037e-05	3.960133e-04	4.978180e-04	1.401901e-04
64	8192	1.502037e-05	7.600784e-04	9.250641e-04	5.180836e-04
128	8192	1.502037e-05	2.111197e-03	1.644135e-03	1.183987e-03
256	8192	2.193451e-05	3.455162e-03	3.223896e-03	2.505064e-03
512	8192	1.597404e-05	6.753922e-03	6.256104e-03	5.092144e-03
1024	8192	1.502037e-05	1.375389e-02	1.250601e-02	1.012397e-02
2048	8192	5.912781e-05	2.510691e-02	2.399683e-02	2.023792e-02
4096	8192	5.888939e-05	5.138683e-02	4.802704e-02	4.058814e-02
8192	8192	5.888939e-05	1.031089e-01	9.617686e-02	8.156395e-02
