N	TIME_onDEV_T1	TIME_HOST	TIME_onDEV_Tp
1	1	1.311302e-05	0.000000e+00	1.120567e-05
1	2	1.311302e-05	0.000000e+00	1.096725e-05
1	4	1.311302e-05	0.000000e+00	1.096725e-05
1	8	1.311302e-05	0.000000e+00	1.096725e-05
1	16	1.311302e-05	0.000000e+00	1.096725e-05
1	32	1.311302e-05	0.000000e+00	1.096725e-05
1	64	1.311302e-05	0.000000e+00	1.096725e-05
1	128	1.311302e-05	0.000000e+00	1.096725e-05
1	256	1.311302e-05	0.000000e+00	1.096725e-05
1	512	1.311302e-05	0.000000e+00	1.096725e-05
1	1024	1.311302e-05	0.000000e+00	1.096725e-05
1	2048	1.311302e-05	0.000000e+00	1.096725e-05
1	4096	1.311302e-05	0.000000e+00	1.096725e-05
1	8192	1.311302e-05	0.000000e+00	1.096725e-05
1	16384	1.311302e-05	0.000000e+00	1.096725e-05
1	32768	1.311302e-05	0.000000e+00	1.096725e-05
2	1	1.192093e-05	0.000000e+00	1.096725e-05
2	2	1.192093e-05	0.000000e+00	1.096725e-05
2	4	1.192093e-05	0.000000e+00	1.096725e-05
2	8	1.192093e-05	0.000000e+00	1.096725e-05
2	16	1.192093e-05	0.000000e+00	1.096725e-05
2	32	1.192093e-05	0.000000e+00	1.096725e-05
2	64	1.192093e-05	0.000000e+00	1.096725e-05
2	128	1.192093e-05	0.000000e+00	1.096725e-05
2	256	1.192093e-05	0.000000e+00	1.096725e-05
2	512	1.192093e-05	0.000000e+00	1.096725e-05
2	1024	1.192093e-05	0.000000e+00	1.096725e-05
2	2048	1.192093e-05	0.000000e+00	1.096725e-05
2	4096	1.192093e-05	0.000000e+00	1.001358e-05
2	8192	1.192093e-05	0.000000e+00	1.001358e-05
2	16384	1.192093e-05	0.000000e+00	1.001358e-05
2	32768	1.192093e-05	0.000000e+00	1.001358e-05
4	1	1.215935e-05	0.000000e+00	1.287460e-05
4	2	1.215935e-05	0.000000e+00	1.120567e-05
4	4	1.215935e-05	0.000000e+00	1.096725e-05
4	8	1.215935e-05	0.000000e+00	1.096725e-05
4	16	1.215935e-05	0.000000e+00	1.096725e-05
4	32	1.215935e-05	0.000000e+00	1.096725e-05
4	64	1.215935e-05	0.000000e+00	1.001358e-05
4	128	1.215935e-05	0.000000e+00	1.001358e-05
4	256	1.215935e-05	0.000000e+00	1.001358e-05
4	512	1.215935e-05	0.000000e+00	1.001358e-05
4	1024	1.215935e-05	0.000000e+00	1.001358e-05
4	2048	1.215935e-05	0.000000e+00	1.001358e-05
4	4096	1.215935e-05	0.000000e+00	1.001358e-05
4	8192	1.215935e-05	0.000000e+00	1.001358e-05
4	16384	1.215935e-05	0.000000e+00	1.001358e-05
4	32768	1.215935e-05	0.000000e+00	1.001358e-05
8	1	1.406670e-05	0.000000e+00	1.382828e-05
8	2	1.406670e-05	0.000000e+00	1.192093e-05
8	4	1.406670e-05	0.000000e+00	1.096725e-05
8	8	1.406670e-05	0.000000e+00	1.096725e-05
8	16	1.406670e-05	0.000000e+00	1.096725e-05
8	32	1.406670e-05	0.000000e+00	1.096725e-05
8	64	1.406670e-05	0.000000e+00	1.096725e-05
8	128	1.406670e-05	0.000000e+00	1.096725e-05
8	256	1.406670e-05	0.000000e+00	1.096725e-05
8	512	1.406670e-05	0.000000e+00	1.096725e-05
8	1024	1.406670e-05	0.000000e+00	1.096725e-05
8	2048	1.406670e-05	0.000000e+00	1.096725e-05
8	4096	1.406670e-05	0.000000e+00	1.096725e-05
8	8192	1.406670e-05	0.000000e+00	1.096725e-05
8	16384	1.406670e-05	0.000000e+00	1.096725e-05
8	32768	1.406670e-05	0.000000e+00	1.096725e-05
16	1	1.788139e-05	0.000000e+00	1.716614e-05
16	2	1.788139e-05	0.000000e+00	1.406670e-05
16	4	1.788139e-05	0.000000e+00	1.192093e-05
16	8	1.788139e-05	0.000000e+00	1.096725e-05
16	16	1.788139e-05	0.000000e+00	1.096725e-05
16	32	1.788139e-05	0.000000e+00	1.096725e-05
16	64	1.788139e-05	0.000000e+00	1.096725e-05
16	128	1.788139e-05	0.000000e+00	1.096725e-05
16	256	1.788139e-05	0.000000e+00	1.001358e-05
16	512	1.788139e-05	0.000000e+00	1.001358e-05
16	1024	1.788139e-05	0.000000e+00	1.001358e-05
16	2048	1.788139e-05	0.000000e+00	1.001358e-05
16	4096	1.788139e-05	0.000000e+00	1.001358e-05
16	8192	1.788139e-05	0.000000e+00	1.001358e-05
16	16384	1.788139e-05	0.000000e+00	1.001358e-05
16	32768	1.788139e-05	0.000000e+00	1.001358e-05
32	1	2.408028e-05	0.000000e+00	2.288818e-05
32	2	2.408028e-05	0.000000e+00	1.716614e-05
32	4	2.408028e-05	0.000000e+00	1.406670e-05
32	8	2.408028e-05	0.000000e+00	1.192093e-05
32	16	2.408028e-05	0.000000e+00	1.096725e-05
32	32	2.408028e-05	0.000000e+00	1.096725e-05
32	64	2.408028e-05	0.000000e+00	1.096725e-05
32	128	2.408028e-05	0.000000e+00	1.096725e-05
32	256	2.408028e-05	0.000000e+00	1.096725e-05
32	512	2.408028e-05	0.000000e+00	1.096725e-05
32	1024	2.408028e-05	0.000000e+00	1.096725e-05
32	2048	2.408028e-05	0.000000e+00	1.096725e-05
32	4096	2.408028e-05	0.000000e+00	1.096725e-05
32	8192	2.408028e-05	0.000000e+00	1.096725e-05
32	16384	2.408028e-05	0.000000e+00	1.096725e-05
32	32768	2.408028e-05	0.000000e+00	1.096725e-05
64	1	3.790855e-05	0.000000e+00	3.695488e-05
64	2	3.790855e-05	0.000000e+00	2.408028e-05
64	4	3.790855e-05	0.000000e+00	1.692772e-05
64	8	3.790855e-05	0.000000e+00	1.311302e-05
64	16	3.790855e-05	0.000000e+00	1.192093e-05
64	32	3.790855e-05	0.000000e+00	1.192093e-05
64	64	3.790855e-05	0.000000e+00	1.096725e-05
64	128	3.790855e-05	0.000000e+00	1.096725e-05
64	256	3.790855e-05	0.000000e+00	1.096725e-05
64	512	3.790855e-05	0.000000e+00	1.096725e-05
64	1024	3.790855e-05	0.000000e+00	1.096725e-05
64	2048	3.790855e-05	0.000000e+00	1.096725e-05
64	4096	3.790855e-05	0.000000e+00	1.001358e-05
64	8192	3.790855e-05	0.000000e+00	1.001358e-05
64	16384	3.790855e-05	0.000000e+00	1.001358e-05
64	32768	3.790855e-05	0.000000e+00	1.001358e-05
128	1	6.389618e-05	0.000000e+00	6.389618e-05
128	2	6.389618e-05	0.000000e+00	3.600121e-05
128	4	6.389618e-05	0.000000e+00	2.384186e-05
128	8	6.389618e-05	0.000000e+00	1.716614e-05
128	16	6.389618e-05	0.000000e+00	1.382828e-05
128	32	6.389618e-05	0.000000e+00	1.192093e-05
128	64	6.389618e-05	0.000000e+00	1.096725e-05
128	128	6.389618e-05	0.000000e+00	1.096725e-05
128	256	6.389618e-05	0.000000e+00	1.001358e-05
128	512	6.389618e-05	0.000000e+00	1.001358e-05
128	1024	6.389618e-05	0.000000e+00	1.001358e-05
128	2048	6.389618e-05	0.000000e+00	1.001358e-05
128	4096	6.389618e-05	0.000000e+00	1.001358e-05
128	8192	6.389618e-05	0.000000e+00	1.001358e-05
128	16384	6.389618e-05	0.000000e+00	1.001358e-05
128	32768	6.389618e-05	0.000000e+00	1.001358e-05
256	1	1.180172e-04	9.536743e-07	1.180172e-04
256	2	1.180172e-04	9.536743e-07	6.413460e-05
256	4	1.180172e-04	9.536743e-07	3.790855e-05
256	8	1.180172e-04	9.536743e-07	2.384186e-05
256	16	1.180172e-04	9.536743e-07	1.788139e-05
256	32	1.180172e-04	9.536743e-07	1.406670e-05
256	64	1.180172e-04	9.536743e-07	1.287460e-05
256	128	1.180172e-04	9.536743e-07	1.120567e-05
256	256	1.180172e-04	9.536743e-07	1.120567e-05
256	512	1.180172e-04	9.536743e-07	1.096725e-05
256	1024	1.180172e-04	9.536743e-07	1.096725e-05
256	2048	1.180172e-04	9.536743e-07	1.096725e-05
256	4096	1.180172e-04	9.536743e-07	1.096725e-05
256	8192	1.180172e-04	9.536743e-07	1.096725e-05
256	16384	1.180172e-04	9.536743e-07	1.096725e-05
256	32768	1.180172e-04	9.536743e-07	1.096725e-05
512	1	2.260208e-04	9.536743e-07	2.238750e-04
512	2	2.260208e-04	9.536743e-07	1.158714e-04
512	4	2.260208e-04	9.536743e-07	6.389618e-05
512	8	2.260208e-04	9.536743e-07	3.695488e-05
512	16	2.260208e-04	9.536743e-07	2.384186e-05
512	32	2.260208e-04	9.536743e-07	1.597404e-05
512	64	2.260208e-04	9.536743e-07	1.406670e-05
512	128	2.260208e-04	9.536743e-07	9.059906e-06
512	256	2.260208e-04	9.536743e-07	9.059906e-06
512	512	2.260208e-04	9.536743e-07	9.059906e-06
512	1024	2.260208e-04	9.536743e-07	9.059906e-06
512	2048	2.260208e-04	9.536743e-07	9.059906e-06
512	4096	2.260208e-04	9.536743e-07	9.059906e-06
512	8192	2.260208e-04	9.536743e-07	9.059906e-06
512	16384	2.260208e-04	9.536743e-07	9.059906e-06
512	32768	2.260208e-04	9.536743e-07	9.059906e-06
1024	1	4.379749e-04	3.814697e-06	4.379749e-04
1024	2	4.379749e-04	3.814697e-06	2.241135e-04
1024	4	4.379749e-04	3.814697e-06	1.170635e-04
1024	8	4.379749e-04	3.814697e-06	6.484985e-05
1024	16	4.379749e-04	3.814697e-06	3.695488e-05
1024	32	4.379749e-04	3.814697e-06	2.598763e-05
1024	64	4.379749e-04	3.814697e-06	1.907349e-05
1024	128	4.379749e-04	3.814697e-06	1.406670e-05
1024	256	4.379749e-04	3.814697e-06	1.192093e-05
1024	512	4.379749e-04	3.814697e-06	1.192093e-05
1024	1024	4.379749e-04	3.814697e-06	1.096725e-05
1024	2048	4.379749e-04	3.814697e-06	1.001358e-05
1024	4096	4.379749e-04	3.814697e-06	1.001358e-05
1024	8192	4.379749e-04	3.814697e-06	1.001358e-05
1024	16384	4.379749e-04	3.814697e-06	1.001358e-05
1024	32768	4.379749e-04	3.814697e-06	1.001358e-05
2048	1	8.649826e-04	6.914139e-06	8.640289e-04
2048	2	8.649826e-04	6.914139e-06	4.370213e-04
2048	4	8.649826e-04	6.914139e-06	2.238750e-04
2048	8	8.649826e-04	6.914139e-06	1.170635e-04
2048	16	8.649826e-04	6.914139e-06	6.389618e-05
2048	32	8.649826e-04	6.914139e-06	4.100800e-05
2048	64	8.649826e-04	6.914139e-06	2.598763e-05
2048	128	8.649826e-04	6.914139e-06	1.788139e-05
2048	256	8.649826e-04	6.914139e-06	1.382828e-05
2048	512	8.649826e-04	6.914139e-06	1.287460e-05
2048	1024	8.649826e-04	6.914139e-06	1.287460e-05
2048	2048	8.649826e-04	6.914139e-06	9.059906e-06
2048	4096	8.649826e-04	6.914139e-06	9.059906e-06
2048	8192	8.649826e-04	6.914139e-06	9.059906e-06
2048	16384	8.649826e-04	6.914139e-06	9.059906e-06
2048	32768	8.649826e-04	6.914139e-06	9.059906e-06
4096	1	1.719952e-03	1.382828e-05	1.718044e-03
4096	2	1.719952e-03	1.382828e-05	8.649826e-04
4096	4	1.719952e-03	1.382828e-05	4.379749e-04
4096	8	1.719952e-03	1.382828e-05	2.241135e-04
4096	16	1.719952e-03	1.382828e-05	1.180172e-04
4096	32	1.719952e-03	1.382828e-05	7.200241e-05
4096	64	1.719952e-03	1.382828e-05	3.981590e-05
4096	128	1.719952e-03	1.382828e-05	2.598763e-05
4096	256	1.719952e-03	1.382828e-05	1.883507e-05
4096	512	1.719952e-03	1.382828e-05	1.502037e-05
4096	1024	1.719952e-03	1.382828e-05	1.287460e-05
4096	2048	1.719952e-03	1.382828e-05	1.096725e-05
4096	4096	1.719952e-03	1.382828e-05	1.096725e-05
4096	8192	1.719952e-03	1.382828e-05	1.096725e-05
4096	16384	1.719952e-03	1.382828e-05	1.096725e-05
4096	32768	1.719952e-03	1.382828e-05	1.096725e-05
8192	1	3.429890e-03	2.789497e-05	3.426790e-03
8192	2	3.429890e-03	2.789497e-05	1.718998e-03
8192	4	3.429890e-03	2.789497e-05	8.649826e-04
8192	8	3.429890e-03	2.789497e-05	4.379749e-04
8192	16	3.429890e-03	2.789497e-05	2.248287e-04
8192	32	3.429890e-03	2.789497e-05	1.330376e-04
8192	64	3.429890e-03	2.789497e-05	7.295609e-05
8192	128	3.429890e-03	2.789497e-05	3.886223e-05
8192	256	3.429890e-03	2.789497e-05	2.598763e-05
8192	512	3.429890e-03	2.789497e-05	1.907349e-05
8192	1024	3.429890e-03	2.789497e-05	1.502037e-05
8192	2048	3.429890e-03	2.789497e-05	1.215935e-05
8192	4096	3.429890e-03	2.789497e-05	1.192093e-05
8192	8192	3.429890e-03	2.789497e-05	1.192093e-05
8192	16384	3.429890e-03	2.789497e-05	1.192093e-05
8192	32768	3.429890e-03	2.789497e-05	1.192093e-05
16384	1	6.844997e-03	5.698204e-05	6.842136e-03
16384	2	6.844997e-03	5.698204e-05	3.426790e-03
16384	4	6.844997e-03	5.698204e-05	1.718044e-03
16384	8	6.844997e-03	5.698204e-05	8.649826e-04
16384	16	6.844997e-03	5.698204e-05	4.389286e-04
16384	32	6.844997e-03	5.698204e-05	2.579689e-04
16384	64	6.844997e-03	5.698204e-05	1.330376e-04
16384	128	6.844997e-03	5.698204e-05	7.200241e-05
16384	256	6.844997e-03	5.698204e-05	4.196167e-05
16384	512	6.844997e-03	5.698204e-05	2.694130e-05
16384	1024	6.844997e-03	5.698204e-05	1.907349e-05
16384	2048	6.844997e-03	5.698204e-05	1.502037e-05
16384	4096	6.844997e-03	5.698204e-05	1.311302e-05
16384	8192	6.844997e-03	5.698204e-05	1.311302e-05
16384	16384	6.844997e-03	5.698204e-05	1.311302e-05
16384	32768	6.844997e-03	5.698204e-05	1.311302e-05
32768	1	1.367497e-02	1.139641e-04	1.367211e-02
32768	2	1.367497e-02	1.139641e-04	6.841898e-03
32768	4	1.367497e-02	1.139641e-04	3.982067e-03
32768	8	1.367497e-02	1.139641e-04	2.253056e-03
32768	16	1.367497e-02	1.139641e-04	1.149893e-03
32768	32	1.367497e-02	1.139641e-04	6.530285e-04
32768	64	1.367497e-02	1.139641e-04	3.309250e-04
32768	128	1.367497e-02	1.139641e-04	1.718998e-04
32768	256	1.367497e-02	1.139641e-04	9.202957e-05
32768	512	1.367497e-02	1.139641e-04	5.292892e-05
32768	1024	1.367497e-02	1.139641e-04	3.290176e-05
32768	2048	1.367497e-02	1.139641e-04	2.288818e-05
32768	4096	1.367497e-02	1.139641e-04	1.811981e-05
32768	8192	1.367497e-02	1.139641e-04	1.597404e-05
32768	16384	1.367497e-02	1.139641e-04	1.597404e-05
32768	32768	1.367497e-02	1.139641e-04	1.597404e-05
65536	1	2.959800e-02	2.288818e-04	2.959085e-02
65536	2	2.959800e-02	2.288818e-04	1.631522e-02
65536	4	2.959800e-02	2.288818e-04	9.096861e-03
65536	8	2.959800e-02	2.288818e-04	4.575968e-03
65536	16	2.959800e-02	2.288818e-04	2.295017e-03
65536	32	2.959800e-02	2.288818e-04	1.294851e-03
65536	64	2.959800e-02	2.288818e-04	6.508827e-04
65536	128	2.959800e-02	2.288818e-04	3.318787e-04
65536	256	2.959800e-02	2.288818e-04	1.728535e-04
65536	512	2.959800e-02	2.288818e-04	9.584427e-05
65536	1024	2.959800e-02	2.288818e-04	5.388260e-05
65536	2048	2.959800e-02	2.288818e-04	3.290176e-05
65536	4096	2.959800e-02	2.288818e-04	2.503395e-05
65536	8192	2.959800e-02	2.288818e-04	2.098083e-05
65536	16384	2.959800e-02	2.288818e-04	2.098083e-05
65536	32768	2.959800e-02	2.288818e-04	2.098083e-05
131072	1	5.880594e-02	4.591942e-04	5.880499e-02
131072	2	5.880594e-02	4.591942e-04	3.239393e-02
131072	4	5.880594e-02	4.591942e-04	1.781607e-02
131072	8	5.880594e-02	4.591942e-04	8.992195e-03
131072	16	5.880594e-02	4.591942e-04	4.567862e-03
131072	32	5.880594e-02	4.591942e-04	2.573013e-03
131072	64	5.880594e-02	4.591942e-04	1.286983e-03
131072	128	5.880594e-02	4.591942e-04	6.530285e-04
131072	256	5.880594e-02	4.591942e-04	3.368855e-04
131072	512	5.880594e-02	4.591942e-04	1.828671e-04
131072	1024	5.880594e-02	4.591942e-04	9.799004e-05
131072	2048	5.880594e-02	4.591942e-04	5.602837e-05
131072	4096	5.880594e-02	4.591942e-04	3.886223e-05
131072	8192	5.880594e-02	4.591942e-04	3.290176e-05
131072	16384	5.880594e-02	4.591942e-04	3.290176e-05
131072	32768	5.880594e-02	4.591942e-04	3.194809e-05
262144	1	1.175652e-01	1.023769e-03	1.175768e-01
262144	2	1.175652e-01	1.023769e-03	6.484890e-02
262144	4	1.175652e-01	1.023769e-03	3.560019e-02
262144	8	1.175652e-01	1.023769e-03	1.794600e-02
262144	16	1.175652e-01	1.023769e-03	9.127140e-03
262144	32	1.175652e-01	1.023769e-03	5.151033e-03
262144	64	1.175652e-01	1.023769e-03	2.572775e-03
262144	128	1.175652e-01	1.023769e-03	1.291037e-03
262144	256	1.175652e-01	1.023769e-03	6.580353e-04
262144	512	1.175652e-01	1.023769e-03	3.528595e-04
262144	1024	1.175652e-01	1.023769e-03	1.819134e-04
262144	2048	1.175652e-01	1.023769e-03	1.010895e-04
262144	4096	1.175652e-01	1.023769e-03	6.794930e-05
262144	8192	1.175652e-01	1.023769e-03	5.102158e-05
262144	16384	1.175652e-01	1.023769e-03	5.102158e-05
262144	32768	1.175652e-01	1.023769e-03	5.102158e-05
524288	1	2.352269e-01	1.888037e-03	2.352118e-01
524288	2	2.352269e-01	1.888037e-03	1.296909e-01
524288	4	2.352269e-01	1.888037e-03	7.124090e-02
524288	8	2.352269e-01	1.888037e-03	3.596115e-02
524288	16	2.352269e-01	1.888037e-03	1.824498e-02
524288	32	2.352269e-01	1.888037e-03	1.024604e-02
524288	64	2.352269e-01	1.888037e-03	5.128145e-03
524288	128	2.352269e-01	1.888037e-03	2.576113e-03
524288	256	2.352269e-01	1.888037e-03	1.313925e-03
524288	512	2.352269e-01	1.888037e-03	6.899834e-04
524288	1024	2.352269e-01	1.888037e-03	3.519058e-04
524288	2048	2.352269e-01	1.888037e-03	1.890659e-04
524288	4096	2.352269e-01	1.888037e-03	1.208782e-04
524288	8192	2.352269e-01	1.888037e-03	9.298325e-05
524288	16384	2.352269e-01	1.888037e-03	9.298325e-05
524288	32768	2.352269e-01	1.888037e-03	9.298325e-05
1048576	1	4.703081e-01	3.741980e-03	4.703312e-01
1048576	2	4.703081e-01	3.741980e-03	2.596960e-01
1048576	4	4.703081e-01	3.741980e-03	1.423640e-01
1048576	8	4.703081e-01	3.741980e-03	7.174397e-02
1048576	16	4.703081e-01	3.741980e-03	3.646278e-02
1048576	32	4.703081e-01	3.741980e-03	2.057791e-02
1048576	64	4.703081e-01	3.741980e-03	1.026106e-02
1048576	128	4.703081e-01	3.741980e-03	5.138874e-03
1048576	256	4.703081e-01	3.741980e-03	2.603054e-03
1048576	512	4.703081e-01	3.741980e-03	1.368999e-03
1048576	1024	4.703081e-01	3.741980e-03	6.918907e-04
1048576	2048	4.703081e-01	3.741980e-03	3.898144e-04
1048576	4096	4.703081e-01	3.741980e-03	2.381802e-04
1048576	8192	4.703081e-01	3.741980e-03	1.759529e-04
1048576	16384	4.703081e-01	3.741980e-03	1.759529e-04
1048576	32768	4.703081e-01	3.741980e-03	1.759529e-04
2097152	1	9.409530e-01	7.524014e-03	9.410369e-01
2097152	2	9.409530e-01	7.524014e-03	5.183849e-01
2097152	4	9.409530e-01	7.524014e-03	2.850239e-01
2097152	8	9.409530e-01	7.524014e-03	1.440229e-01
2097152	16	9.409530e-01	7.524014e-03	7.303286e-02
2097152	32	9.409530e-01	7.524014e-03	4.091501e-02
2097152	64	9.409530e-01	7.524014e-03	2.049017e-02
2097152	128	9.409530e-01	7.524014e-03	1.027513e-02
2097152	256	9.409530e-01	7.524014e-03	5.212069e-03
2097152	512	9.409530e-01	7.524014e-03	2.729177e-03
2097152	1024	9.409530e-01	7.524014e-03	1.378059e-03
2097152	2048	9.409530e-01	7.524014e-03	7.328987e-04
2097152	4096	9.409530e-01	7.524014e-03	4.391670e-04
2097152	8192	9.409530e-01	7.524014e-03	3.581047e-04
2097152	16384	9.409530e-01	7.524014e-03	3.581047e-04
2097152	32768	9.409530e-01	7.524014e-03	3.581047e-04
4194304	1	1.880863e+00	1.532197e-02	1.880997e+00
4194304	2	1.880863e+00	1.532197e-02	1.038063e+00
4194304	4	1.880863e+00	1.532197e-02	5.701060e-01
4194304	8	1.880863e+00	1.532197e-02	2.869501e-01
4194304	16	1.880863e+00	1.532197e-02	1.457970e-01
4194304	32	1.880863e+00	1.532197e-02	8.226299e-02
4194304	64	1.880863e+00	1.532197e-02	4.100800e-02
4194304	128	1.880863e+00	1.532197e-02	2.053690e-02
4194304	256	1.880863e+00	1.532197e-02	1.036286e-02
4194304	512	1.880863e+00	1.532197e-02	5.447149e-03
4194304	1024	1.880863e+00	1.532197e-02	2.739906e-03
4194304	2048	1.880863e+00	1.532197e-02	1.547098e-03
4194304	4096	1.880863e+00	1.532197e-02	9.331703e-04
4194304	8192	1.880863e+00	1.532197e-02	7.379055e-04
4194304	16384	1.880863e+00	1.532197e-02	7.331371e-04
4194304	32768	1.880863e+00	1.532197e-02	7.331371e-04
