N_ROWS	N_COLS	MRTIME_onDEV	MRTIME_HOST	CT_DtH_M	CT_HtD_V
1	1	3.004074e-05	0.000000e+00	9.059906e-06	1.907349e-06
2	1	3.099442e-05	0.000000e+00	7.867813e-06	1.907349e-06
4	1	3.099442e-05	0.000000e+00	7.867813e-06	2.145767e-06
8	1	3.194809e-05	0.000000e+00	7.867813e-06	1.907349e-06
16	1	3.886223e-05	0.000000e+00	7.867813e-06	1.907349e-06
32	1	5.197525e-05	0.000000e+00	6.914139e-06	1.907349e-06
64	1	7.581711e-05	0.000000e+00	7.867813e-06	9.536743e-07
128	1	1.261234e-04	0.000000e+00	7.867813e-06	1.192093e-06
256	1	2.279282e-04	0.000000e+00	9.059906e-06	1.907349e-06
512	1	4.260540e-04	0.000000e+00	8.821487e-06	1.907349e-06
1024	1	8.268356e-04	9.536743e-07	1.096725e-05	2.861023e-06
2048	1	1.621962e-03	1.907349e-06	1.311302e-05	4.053116e-06
4096	1	3.220797e-03	5.960464e-06	1.788139e-05	5.006790e-06
8192	1	6.412983e-03	1.597404e-05	2.694130e-05	8.821487e-06
1	2	3.004074e-05	0.000000e+00	6.914139e-06	1.192093e-06
2	2	2.980232e-05	0.000000e+00	7.152557e-06	9.536743e-07
4	2	3.004074e-05	0.000000e+00	5.960464e-06	9.536743e-07
8	2	2.908707e-05	0.000000e+00	6.914139e-06	9.536743e-07
16	2	3.910065e-05	0.000000e+00	7.867813e-06	9.536743e-07
32	2	5.102158e-05	0.000000e+00	7.867813e-06	1.907349e-06
64	2	7.486343e-05	0.000000e+00	7.867813e-06	9.536743e-07
128	2	1.249313e-04	0.000000e+00	7.867813e-06	1.192093e-06
256	2	2.188683e-04	0.000000e+00	9.059906e-06	1.907349e-06
512	2	4.210472e-04	9.536743e-07	1.001358e-05	1.907349e-06
1024	2	8.118153e-04	1.192093e-06	1.287460e-05	2.145767e-06
2048	2	1.591921e-03	2.861023e-06	1.692772e-05	3.814697e-06
4096	2	3.166914e-03	6.914139e-06	2.598763e-05	5.960464e-06
8192	2	6.306887e-03	1.597404e-05	4.792213e-05	9.059906e-06
1	4	3.099442e-05	0.000000e+00	6.914139e-06	9.536743e-07
2	4	3.099442e-05	0.000000e+00	8.106232e-06	9.536743e-07
4	4	3.099442e-05	0.000000e+00	6.914139e-06	9.536743e-07
8	4	3.194809e-05	0.000000e+00	7.867813e-06	9.536743e-07
16	4	3.790855e-05	0.000000e+00	7.867813e-06	1.907349e-06
32	4	4.887581e-05	0.000000e+00	7.867813e-06	9.536743e-07
64	4	7.390976e-05	0.000000e+00	7.867813e-06	1.907349e-06
128	4	1.201630e-04	9.536743e-07	7.867813e-06	1.907349e-06
256	4	2.129078e-04	0.000000e+00	9.059906e-06	1.907349e-06
512	4	4.000664e-04	1.907349e-06	1.192093e-05	1.907349e-06
1024	4	7.760525e-04	2.861023e-06	1.716614e-05	1.907349e-06
2048	4	1.522064e-03	5.960464e-06	2.503395e-05	4.053116e-06
4096	4	3.114223e-03	1.120567e-05	4.315376e-05	5.960464e-06
8192	4	6.282091e-03	2.193451e-05	7.581711e-05	1.001358e-05
1	8	3.004074e-05	0.000000e+00	6.198883e-06	9.536743e-07
2	8	3.004074e-05	0.000000e+00	6.914139e-06	9.536743e-07
4	8	3.099442e-05	0.000000e+00	7.867813e-06	9.536743e-07
8	8	3.290176e-05	0.000000e+00	5.960464e-06	9.536743e-07
16	8	3.886223e-05	0.000000e+00	7.867813e-06	9.536743e-07
32	8	4.315376e-05	0.000000e+00	7.152557e-06	1.907349e-06
64	8	7.510185e-05	0.000000e+00	7.867813e-06	9.536743e-07
128	8	1.249313e-04	0.000000e+00	1.001358e-05	1.907349e-06
256	8	2.250671e-04	9.536743e-07	1.215935e-05	1.907349e-06
512	8	4.210472e-04	2.145767e-06	1.621246e-05	2.145767e-06
1024	8	8.130074e-04	5.006790e-06	2.503395e-05	2.861023e-06
2048	8	1.595020e-03	1.001358e-05	4.315376e-05	3.814697e-06
4096	8	3.171921e-03	1.907349e-05	7.390976e-05	5.960464e-06
8192	8	6.453991e-03	4.506111e-05	1.368523e-04	8.106232e-06
1	16	2.980232e-05	0.000000e+00	6.914139e-06	9.536743e-07
2	16	3.099442e-05	0.000000e+00	7.867813e-06	9.536743e-07
4	16	2.980232e-05	0.000000e+00	6.914139e-06	9.536743e-07
8	16	3.290176e-05	0.000000e+00	6.914139e-06	9.536743e-07
16	16	3.886223e-05	0.000000e+00	7.867813e-06	9.536743e-07
32	16	5.197525e-05	0.000000e+00	7.867813e-06	9.536743e-07
64	16	7.605553e-05	9.536743e-07	9.059906e-06	9.536743e-07
128	16	1.251698e-04	9.536743e-07	1.096725e-05	9.536743e-07
256	16	2.198219e-04	2.861023e-06	1.502037e-05	1.907349e-06
512	16	4.138947e-04	4.053116e-06	2.288818e-05	1.907349e-06
1024	16	8.130074e-04	8.106232e-06	4.100800e-05	1.907349e-06
2048	16	1.621008e-03	1.597404e-05	7.200241e-05	2.861023e-06
4096	16	3.287077e-03	3.099442e-05	1.380444e-04	3.814697e-06
8192	16	6.556988e-03	6.318092e-05	2.651215e-04	5.960464e-06
1	32	3.004074e-05	0.000000e+00	7.867813e-06	9.536743e-07
2	32	3.099442e-05	0.000000e+00	7.867813e-06	1.907349e-06
4	32	3.099442e-05	0.000000e+00	7.867813e-06	9.536743e-07
8	32	3.194809e-05	0.000000e+00	7.867813e-06	1.907349e-06
16	32	3.910065e-05	0.000000e+00	8.106232e-06	9.536743e-07
32	32	5.102158e-05	9.536743e-07	9.059906e-06	9.536743e-07
64	32	7.700920e-05	9.536743e-07	1.096725e-05	9.536743e-07
128	32	1.242161e-04	1.907349e-06	1.502037e-05	1.907349e-06
256	32	2.238750e-04	5.006790e-06	2.288818e-05	1.907349e-06
512	32	4.220009e-04	9.059906e-06	4.076958e-05	1.907349e-06
1024	32	8.151531e-04	1.692772e-05	7.295609e-05	1.907349e-06
2048	32	1.631975e-03	3.409386e-05	1.368523e-04	3.099442e-06
4096	32	3.244877e-03	6.818771e-05	2.648830e-04	4.053116e-06
8192	32	6.513119e-03	1.339912e-04	4.508495e-04	5.960464e-06
1	64	3.004074e-05	0.000000e+00	5.960464e-06	1.907349e-06
2	64	3.004074e-05	0.000000e+00	6.914139e-06	1.192093e-06
4	64	3.004074e-05	0.000000e+00	7.867813e-06	9.536743e-07
8	64	3.194809e-05	0.000000e+00	6.914139e-06	9.536743e-07
16	64	3.886223e-05	9.536743e-07	8.821487e-06	1.192093e-06
32	64	5.102158e-05	1.192093e-06	1.001358e-05	1.907349e-06
64	64	7.700920e-05	2.861023e-06	1.502037e-05	1.907349e-06
128	64	1.280308e-04	5.960464e-06	2.312660e-05	1.907349e-06
256	64	2.300739e-04	1.096725e-05	4.100800e-05	1.907349e-06
512	64	4.320145e-04	2.193451e-05	7.295609e-05	1.907349e-06
1024	64	8.459091e-04	4.386902e-05	1.370907e-04	2.145767e-06
2048	64	1.670122e-03	8.702278e-05	2.648830e-04	2.861023e-06
4096	64	3.314972e-03	1.749992e-04	4.498959e-04	5.006790e-06
8192	64	6.603003e-03	3.521442e-04	8.158684e-04	5.960464e-06
1	128	3.099442e-05	0.000000e+00	6.914139e-06	2.145767e-06
2	128	3.004074e-05	0.000000e+00	8.106232e-06	1.907349e-06
4	128	3.004074e-05	9.536743e-07	7.867813e-06	1.907349e-06
8	128	3.194809e-05	9.536743e-07	1.001358e-05	9.536743e-07
16	128	3.886223e-05	9.536743e-07	1.096725e-05	9.536743e-07
32	128	5.197525e-05	2.861023e-06	1.502037e-05	1.907349e-06
64	128	7.700920e-05	5.006790e-06	2.288818e-05	1.907349e-06
128	128	1.270771e-04	1.192093e-05	4.100800e-05	1.907349e-06
256	128	2.298355e-04	2.408028e-05	7.295609e-05	1.907349e-06
512	128	4.398823e-04	4.792213e-05	1.368523e-04	2.145767e-06
1024	128	8.330345e-04	9.393692e-05	2.641678e-04	2.861023e-06
2048	128	1.673937e-03	1.888275e-04	4.420280e-04	2.861023e-06
4096	128	3.305912e-03	3.769398e-04	7.948875e-04	4.053116e-06
8192	128	6.596088e-03	7.820129e-04	1.564980e-03	7.152557e-06
1	256	3.099442e-05	0.000000e+00	8.106232e-06	9.536743e-07
2	256	3.099442e-05	0.000000e+00	7.867813e-06	1.907349e-06
4	256	3.004074e-05	9.536743e-07	8.821487e-06	9.536743e-07
8	256	3.194809e-05	1.907349e-06	1.001358e-05	1.192093e-06
16	256	3.886223e-05	2.861023e-06	1.502037e-05	1.907349e-06
32	256	5.078316e-05	6.198883e-06	2.288818e-05	9.536743e-07
64	256	7.510185e-05	1.311302e-05	4.005432e-05	1.907349e-06
128	256	1.249313e-04	2.408028e-05	7.295609e-05	1.907349e-06
256	256	2.281666e-04	4.982948e-05	1.370907e-04	2.145767e-06
512	256	4.270077e-04	9.989738e-05	2.639294e-04	2.145767e-06
1024	256	8.349419e-04	1.950264e-04	4.439354e-04	2.861023e-06
2048	256	1.632929e-03	3.910065e-04	7.970333e-04	3.099442e-06
4096	256	3.249168e-03	8.001328e-04	1.528978e-03	5.006790e-06
8192	256	6.490946e-03	1.633883e-03	3.074169e-03	8.106232e-06
1	512	3.004074e-05	0.000000e+00	7.867813e-06	1.192093e-06
2	512	3.004074e-05	0.000000e+00	8.821487e-06	9.536743e-07
4	512	3.099442e-05	9.536743e-07	1.096725e-05	9.536743e-07
8	512	3.099442e-05	2.861023e-06	1.502037e-05	1.907349e-06
16	512	3.814697e-05	5.960464e-06	2.217293e-05	1.907349e-06
32	512	5.102158e-05	1.215935e-05	3.981590e-05	1.907349e-06
64	512	7.295609e-05	2.503395e-05	7.295609e-05	2.145767e-06
128	512	1.249313e-04	4.982948e-05	1.368523e-04	1.907349e-06
256	512	2.222061e-04	1.001358e-04	2.648830e-04	1.907349e-06
512	512	4.160404e-04	2.000332e-04	4.479885e-04	1.907349e-06
1024	512	8.089542e-04	4.098415e-04	8.070469e-04	3.099442e-06
2048	512	1.590014e-03	8.270741e-04	1.538992e-03	3.814697e-06
4096	512	3.160000e-03	1.641989e-03	3.013849e-03	6.198883e-06
8192	512	6.289005e-03	3.322124e-03	6.053925e-03	8.821487e-06
1	1024	2.980232e-05	0.000000e+00	8.821487e-06	1.907349e-06
2	1024	3.194809e-05	9.536743e-07	1.096725e-05	1.907349e-06
4	1024	3.099442e-05	2.861023e-06	1.502037e-05	1.907349e-06
8	1024	3.218651e-05	6.198883e-06	2.312660e-05	9.536743e-07
16	1024	3.886223e-05	1.215935e-05	4.005432e-05	1.907349e-06
32	1024	5.197525e-05	2.503395e-05	7.295609e-05	1.907349e-06
64	1024	7.891655e-05	5.102158e-05	1.358986e-04	1.907349e-06
128	1024	1.320839e-04	1.008511e-04	2.648830e-04	1.907349e-06
256	1024	2.350807e-04	2.038479e-04	4.489422e-04	1.907349e-06
512	1024	4.439354e-04	4.141331e-04	8.070469e-04	1.907349e-06
1024	1024	8.630753e-04	8.239746e-04	1.528025e-03	3.814697e-06
2048	1024	1.698017e-03	1.805067e-03	3.093004e-03	6.198883e-06
4096	1024	3.372908e-03	3.572941e-03	6.279945e-03	8.821487e-06
8192	1024	6.711960e-03	6.990910e-03	1.234603e-02	1.215935e-05
1	2048	3.099442e-05	1.907349e-06	1.096725e-05	1.907349e-06
2	2048	3.099442e-05	2.861023e-06	1.502037e-05	9.536743e-07
4	2048	3.099442e-05	7.152557e-06	2.288818e-05	1.907349e-06
8	2048	3.385544e-05	1.192093e-05	3.981590e-05	1.907349e-06
16	2048	4.005432e-05	2.503395e-05	7.295609e-05	1.907349e-06
32	2048	5.507469e-05	5.698204e-05	1.380444e-04	1.907349e-06
64	2048	8.487701e-05	1.029968e-04	2.679825e-04	2.861023e-06
128	2048	1.418591e-04	2.050400e-04	4.570484e-04	4.053116e-06
256	2048	2.570152e-04	4.329681e-04	8.301735e-04	3.814697e-06
512	2048	4.880428e-04	8.599758e-04	1.585007e-03	5.006790e-06
1024	2048	9.551048e-04	1.669884e-03	3.036022e-03	5.960464e-06
2048	2048	1.878977e-03	3.690958e-03	6.346226e-03	6.914139e-06
4096	2048	3.731012e-03	7.385969e-03	1.264882e-02	1.096725e-05
8192	2048	7.436991e-03	1.444602e-02	2.497506e-02	1.311302e-05
1	4096	3.290176e-05	3.099442e-06	1.478195e-05	1.907349e-06
2	4096	3.314018e-05	5.960464e-06	2.312660e-05	9.536743e-07
4	4096	3.218651e-05	1.311302e-05	4.005432e-05	1.907349e-06
8	4096	3.600121e-05	2.503395e-05	7.295609e-05	1.907349e-06
16	4096	4.410744e-05	5.197525e-05	1.380444e-04	1.907349e-06
32	4096	6.294250e-05	1.070499e-04	2.810955e-04	2.861023e-06
64	4096	9.799004e-05	2.100468e-04	4.611015e-04	3.099442e-06
128	4096	1.690388e-04	4.389286e-04	8.111000e-04	2.861023e-06
256	4096	3.070831e-04	8.959770e-04	1.595020e-03	4.053116e-06
512	4096	5.879402e-04	1.771927e-03	3.079891e-03	5.960464e-06
1024	4096	1.137018e-03	3.710032e-03	6.296873e-03	6.198883e-06
2048	4096	2.248049e-03	6.705999e-03	1.206088e-02	5.960464e-06
4096	4096	4.449129e-03	1.334000e-02	2.408385e-02	9.059906e-06
8192	4096	8.891106e-03	2.782393e-02	4.889894e-02	1.502037e-05
1	8192	3.194809e-05	7.152557e-06	2.312660e-05	1.907349e-06
2	8192	3.385544e-05	1.192093e-05	3.910065e-05	1.907349e-06
4	8192	3.314018e-05	2.503395e-05	7.295609e-05	1.907349e-06
8	8192	3.910065e-05	5.197525e-05	1.389980e-04	1.907349e-06
16	8192	5.078316e-05	1.039505e-04	2.670288e-04	2.861023e-06
32	8192	7.581711e-05	2.090931e-04	4.599094e-04	3.099442e-06
64	8192	1.251698e-04	4.200935e-04	8.220673e-04	2.861023e-06
128	8192	2.191067e-04	8.869171e-04	1.590967e-03	4.768372e-06
256	8192	4.110336e-04	1.819849e-03	3.124952e-03	5.006790e-06
512	8192	7.879734e-04	3.686905e-03	6.283045e-03	7.867813e-06
1024	8192	1.536846e-03	7.019043e-03	1.224589e-02	8.106232e-06
2048	8192	3.041029e-03	1.401687e-02	2.437305e-02	1.001358e-05
4096	8192	6.045818e-03	2.681518e-02	4.815006e-02	8.821487e-06
8192	8192	1.204801e-02	5.916500e-02	1.011829e-01	1.597404e-05
