N_ROWS	N_COLS	MRTIME_onDEV	MRTIME_HOST	CT_DtH_M	CT_HtD_V
1	1	2.884865e-05	0.000000e+00	7.152557e-06	1.907349e-06
2	1	2.789497e-05	0.000000e+00	7.867813e-06	1.907349e-06
4	1	2.884865e-05	0.000000e+00	7.867813e-06	1.907349e-06
8	1	2.789497e-05	0.000000e+00	7.867813e-06	1.907349e-06
16	1	2.908707e-05	0.000000e+00	7.867813e-06	1.907349e-06
32	1	2.789497e-05	0.000000e+00	7.867813e-06	2.145767e-06
64	1	2.884865e-05	0.000000e+00	6.914139e-06	1.907349e-06
128	1	3.004074e-05	0.000000e+00	6.914139e-06	1.907349e-06
256	1	3.385544e-05	0.000000e+00	7.867813e-06	9.536743e-07
512	1	3.981590e-05	0.000000e+00	7.867813e-06	1.907349e-06
1024	1	5.483627e-05	9.536743e-07	9.059906e-06	1.907349e-06
2048	1	8.201599e-05	1.907349e-06	1.096725e-05	3.099442e-06
4096	1	1.389980e-04	5.006790e-06	1.502037e-05	5.006790e-06
8192	1	2.589226e-04	1.215935e-05	2.384186e-05	8.106232e-06
1	2	3.004074e-05	0.000000e+00	8.106232e-06	9.536743e-07
2	2	2.884865e-05	0.000000e+00	7.152557e-06	9.536743e-07
4	2	2.789497e-05	0.000000e+00	6.914139e-06	1.192093e-06
8	2	2.789497e-05	0.000000e+00	6.914139e-06	9.536743e-07
16	2	2.789497e-05	0.000000e+00	5.960464e-06	9.536743e-07
32	2	2.884865e-05	0.000000e+00	6.914139e-06	9.536743e-07
64	2	2.908707e-05	0.000000e+00	6.914139e-06	1.907349e-06
128	2	2.884865e-05	0.000000e+00	7.867813e-06	9.536743e-07
256	2	3.409386e-05	0.000000e+00	7.867813e-06	9.536743e-07
512	2	3.981590e-05	9.536743e-07	8.106232e-06	1.907349e-06
1024	2	5.483627e-05	1.192093e-06	1.096725e-05	2.861023e-06
2048	2	8.201599e-05	3.099442e-06	1.502037e-05	2.861023e-06
4096	2	1.389980e-04	5.960464e-06	2.384186e-05	5.006790e-06
8192	2	2.667904e-04	1.907349e-05	4.100800e-05	9.059906e-06
1	4	2.789497e-05	0.000000e+00	6.914139e-06	1.907349e-06
2	4	2.908707e-05	0.000000e+00	6.914139e-06	9.536743e-07
4	4	2.908707e-05	0.000000e+00	6.914139e-06	9.536743e-07
8	4	2.813339e-05	0.000000e+00	6.914139e-06	9.536743e-07
16	4	2.884865e-05	0.000000e+00	6.914139e-06	9.536743e-07
32	4	2.908707e-05	0.000000e+00	6.914139e-06	9.536743e-07
64	4	2.884865e-05	9.536743e-07	7.152557e-06	9.536743e-07
128	4	3.099442e-05	0.000000e+00	7.867813e-06	1.907349e-06
256	4	3.385544e-05	9.536743e-07	8.821487e-06	9.536743e-07
512	4	4.100800e-05	9.536743e-07	1.096725e-05	1.907349e-06
1024	4	5.388260e-05	2.861023e-06	1.597404e-05	2.145767e-06
2048	4	8.392334e-05	5.960464e-06	2.288818e-05	3.099442e-06
4096	4	1.389980e-04	1.096725e-05	4.100800e-05	5.006790e-06
8192	4	2.589226e-04	2.193451e-05	7.390976e-05	8.821487e-06
1	8	2.884865e-05	0.000000e+00	6.914139e-06	9.536743e-07
2	8	2.813339e-05	0.000000e+00	6.914139e-06	1.192093e-06
4	8	2.789497e-05	0.000000e+00	6.914139e-06	9.536743e-07
8	8	2.908707e-05	0.000000e+00	6.914139e-06	1.192093e-06
16	8	2.789497e-05	0.000000e+00	7.152557e-06	9.536743e-07
32	8	2.813339e-05	0.000000e+00	7.867813e-06	9.536743e-07
64	8	2.789497e-05	0.000000e+00	7.867813e-06	9.536743e-07
128	8	2.980232e-05	9.536743e-07	7.867813e-06	1.907349e-06
256	8	3.290176e-05	9.536743e-07	1.096725e-05	9.536743e-07
512	8	3.981590e-05	2.145767e-06	1.502037e-05	1.907349e-06
1024	8	5.507469e-05	5.006790e-06	2.193451e-05	2.145767e-06
2048	8	8.296967e-05	1.001358e-05	4.100800e-05	3.814697e-06
4096	8	1.380444e-04	2.002716e-05	7.295609e-05	5.006790e-06
8192	8	2.751350e-04	4.410744e-05	1.378059e-04	8.821487e-06
1	16	3.004074e-05	0.000000e+00	6.914139e-06	9.536743e-07
2	16	2.908707e-05	0.000000e+00	6.914139e-06	9.536743e-07
4	16	2.789497e-05	0.000000e+00	8.106232e-06	9.536743e-07
8	16	2.908707e-05	0.000000e+00	6.914139e-06	9.536743e-07
16	16	2.884865e-05	0.000000e+00	7.867813e-06	1.192093e-06
32	16	2.908707e-05	0.000000e+00	7.867813e-06	9.536743e-07
64	16	2.789497e-05	0.000000e+00	9.059906e-06	9.536743e-07
128	16	3.099442e-05	9.536743e-07	1.096725e-05	1.907349e-06
256	16	3.385544e-05	1.907349e-06	1.502037e-05	1.907349e-06
512	16	4.100800e-05	4.053116e-06	2.288818e-05	1.907349e-06
1024	16	5.507469e-05	7.867813e-06	4.005432e-05	1.907349e-06
2048	16	8.392334e-05	1.597404e-05	7.295609e-05	2.861023e-06
4096	16	1.478195e-04	4.196167e-05	1.380444e-04	3.814697e-06
8192	16	2.760887e-04	7.390976e-05	2.667904e-04	5.006790e-06
1	32	2.503395e-05	0.000000e+00	7.152557e-06	9.536743e-07
2	32	2.789497e-05	0.000000e+00	6.914139e-06	1.907349e-06
4	32	2.884865e-05	0.000000e+00	6.914139e-06	1.907349e-06
8	32	2.789497e-05	0.000000e+00	8.106232e-06	9.536743e-07
16	32	2.789497e-05	0.000000e+00	7.867813e-06	9.536743e-07
32	32	2.789497e-05	0.000000e+00	8.821487e-06	1.192093e-06
64	32	2.884865e-05	9.536743e-07	1.096725e-05	9.536743e-07
128	32	3.099442e-05	2.861023e-06	1.502037e-05	9.536743e-07
256	32	3.409386e-05	4.053116e-06	2.312660e-05	1.907349e-06
512	32	4.196167e-05	7.867813e-06	3.981590e-05	1.907349e-06
1024	32	5.507469e-05	1.788139e-05	7.295609e-05	1.907349e-06
2048	32	8.606911e-05	3.480911e-05	1.358986e-04	3.099442e-06
4096	32	1.499653e-04	6.699562e-05	2.658367e-04	4.053116e-06
8192	32	2.830029e-04	1.561642e-04	4.620552e-04	5.960464e-06
1	64	2.813339e-05	0.000000e+00	6.914139e-06	1.907349e-06
2	64	2.884865e-05	0.000000e+00	7.152557e-06	1.907349e-06
4	64	2.908707e-05	0.000000e+00	7.867813e-06	9.536743e-07
8	64	2.908707e-05	0.000000e+00	7.867813e-06	9.536743e-07
16	64	2.884865e-05	9.536743e-07	8.821487e-06	2.145767e-06
32	64	2.884865e-05	9.536743e-07	1.096725e-05	1.907349e-06
64	64	2.884865e-05	2.861023e-06	1.502037e-05	1.907349e-06
128	64	3.099442e-05	5.960464e-06	2.288818e-05	1.907349e-06
256	64	3.600121e-05	1.096725e-05	3.790855e-05	1.907349e-06
512	64	4.386902e-05	2.193451e-05	7.104874e-05	1.907349e-06
1024	64	6.580353e-05	4.386902e-05	1.370907e-04	2.145767e-06
2048	64	1.049042e-04	9.703636e-05	2.648830e-04	3.099442e-06
4096	64	1.819134e-04	1.749992e-04	4.611015e-04	4.053116e-06
8192	64	3.449917e-04	3.569126e-04	8.659363e-04	5.960464e-06
1	128	2.789497e-05	0.000000e+00	7.867813e-06	9.536743e-07
2	128	3.004074e-05	0.000000e+00	6.914139e-06	1.907349e-06
4	128	2.908707e-05	0.000000e+00	7.867813e-06	9.536743e-07
8	128	2.884865e-05	0.000000e+00	9.059906e-06	9.536743e-07
16	128	2.884865e-05	9.536743e-07	1.096725e-05	9.536743e-07
32	128	2.884865e-05	3.099442e-06	1.502037e-05	1.907349e-06
64	128	3.004074e-05	5.960464e-06	2.384186e-05	9.536743e-07
128	128	3.290176e-05	1.192093e-05	4.100800e-05	1.907349e-06
256	128	3.790855e-05	2.813339e-05	7.295609e-05	2.145767e-06
512	128	5.388260e-05	5.292892e-05	1.380444e-04	1.907349e-06
1024	128	8.106232e-05	9.489059e-05	2.720356e-04	2.145767e-06
2048	128	1.368523e-04	2.000332e-04	4.701614e-04	2.861023e-06
4096	128	2.470016e-04	4.200935e-04	8.699894e-04	3.814697e-06
8192	128	4.758835e-04	8.749962e-04	1.633883e-03	7.152557e-06
1	256	3.099442e-05	0.000000e+00	7.867813e-06	9.536743e-07
2	256	2.884865e-05	0.000000e+00	7.867813e-06	1.907349e-06
4	256	3.099442e-05	9.536743e-07	8.821487e-06	9.536743e-07
8	256	2.884865e-05	1.907349e-06	1.001358e-05	1.907349e-06
16	256	3.099442e-05	2.861023e-06	1.597404e-05	1.907349e-06
32	256	3.004074e-05	5.960464e-06	2.288818e-05	9.536743e-07
64	256	3.099442e-05	1.287460e-05	4.100800e-05	1.907349e-06
128	256	3.504753e-05	2.479553e-05	7.295609e-05	1.907349e-06
256	256	4.887581e-05	4.887581e-05	1.370907e-04	1.907349e-06
512	256	7.081032e-05	1.039505e-04	2.779961e-04	2.145767e-06
1024	256	1.139641e-04	2.040863e-04	4.620552e-04	2.861023e-06
2048	256	2.019405e-04	4.460812e-04	8.609295e-04	2.861023e-06
4096	256	3.769398e-04	8.449554e-04	1.620054e-03	5.006790e-06
8192	256	7.328987e-04	1.632929e-03	3.061056e-03	7.867813e-06
1	512	3.194809e-05	0.000000e+00	8.106232e-06	9.536743e-07
2	512	3.290176e-05	9.536743e-07	9.059906e-06	9.536743e-07
4	512	3.290176e-05	9.536743e-07	1.096725e-05	1.907349e-06
8	512	3.314018e-05	2.861023e-06	1.478195e-05	1.907349e-06
16	512	3.290176e-05	5.960464e-06	2.288818e-05	1.907349e-06
32	512	3.290176e-05	1.192093e-05	3.910065e-05	1.907349e-06
64	512	3.409386e-05	2.503395e-05	7.200241e-05	1.907349e-06
128	512	4.506111e-05	4.982948e-05	1.361370e-04	1.907349e-06
256	512	6.508827e-05	9.894371e-05	2.639294e-04	1.907349e-06
512	512	1.018047e-04	2.009869e-04	4.470348e-04	1.907349e-06
1024	512	1.788139e-04	4.069805e-04	8.111000e-04	2.145767e-06
2048	512	3.299713e-04	8.161068e-04	1.546860e-03	3.099442e-06
4096	512	6.330013e-04	1.638889e-03	3.044844e-03	5.960464e-06
8192	512	1.242876e-03	3.321886e-03	6.057978e-03	9.059906e-06
1	1024	3.910065e-05	9.536743e-07	9.059906e-06	9.536743e-07
2	1024	3.814697e-05	9.536743e-07	1.096725e-05	1.907349e-06
4	1024	3.814697e-05	2.861023e-06	1.502037e-05	9.536743e-07
8	1024	3.886223e-05	5.960464e-06	2.288818e-05	1.907349e-06
16	1024	3.790855e-05	1.215935e-05	4.005432e-05	9.536743e-07
32	1024	3.910065e-05	2.503395e-05	7.200241e-05	1.907349e-06
64	1024	4.291534e-05	5.102158e-05	1.358986e-04	1.907349e-06
128	1024	6.198883e-05	1.010895e-04	2.639294e-04	1.907349e-06
256	1024	9.703636e-05	2.088547e-04	4.479885e-04	1.907349e-06
512	1024	1.671314e-04	4.129410e-04	8.108616e-04	1.907349e-06
1024	1024	3.068447e-04	8.239746e-04	1.538992e-03	3.099442e-06
2048	1024	5.879402e-04	1.648903e-03	3.051996e-03	5.006790e-06
4096	1024	1.147985e-03	3.321886e-03	6.070137e-03	5.960464e-06
8192	1024	2.264977e-03	6.680012e-03	1.206183e-02	9.059906e-06
1	2048	4.887581e-05	9.536743e-07	1.096725e-05	1.907349e-06
2	2048	4.887581e-05	3.099442e-06	1.502037e-05	1.192093e-06
4	2048	4.792213e-05	5.960464e-06	2.312660e-05	9.536743e-07
8	2048	4.887581e-05	1.287460e-05	4.005432e-05	1.907349e-06
16	2048	5.006790e-05	2.598763e-05	7.200241e-05	1.907349e-06
32	2048	5.793571e-05	5.006790e-05	1.358986e-04	1.907349e-06
64	2048	6.103516e-05	1.020432e-04	2.639294e-04	1.907349e-06
128	2048	9.489059e-05	2.100468e-04	4.467964e-04	1.907349e-06
256	2048	1.621246e-04	4.129410e-04	8.080006e-04	1.907349e-06
512	2048	2.961159e-04	8.270741e-04	1.560926e-03	3.099442e-06
1024	2048	5.669594e-04	1.653910e-03	3.028870e-03	3.814697e-06
2048	2048	1.102209e-03	3.369093e-03	6.093979e-03	5.960464e-06
4096	2048	2.173901e-03	7.125854e-03	1.260495e-02	9.059906e-06
8192	2048	4.326105e-03	1.461387e-02	2.550101e-02	1.192093e-05
1	4096	6.985664e-05	3.099442e-06	1.502037e-05	9.536743e-07
2	4096	7.104874e-05	7.152557e-06	2.384186e-05	9.536743e-07
4	4096	7.081032e-05	1.406670e-05	3.981590e-05	9.536743e-07
8	4096	6.985664e-05	3.004074e-05	7.295609e-05	2.145767e-06
16	4096	9.083748e-05	5.102158e-05	1.411438e-04	1.907349e-06
32	4096	9.179115e-05	1.051426e-04	2.739429e-04	2.861023e-06
64	4096	9.393692e-05	2.191067e-04	4.689693e-04	1.907349e-06
128	4096	1.599789e-04	4.370213e-04	8.530617e-04	2.145767e-06
256	4096	2.920628e-04	8.828640e-04	1.616001e-03	2.861023e-06
512	4096	5.569458e-04	1.785040e-03	3.176928e-03	5.006790e-06
1024	4096	1.081944e-03	3.650188e-03	6.438971e-03	5.960464e-06
2048	4096	2.130985e-03	7.258892e-03	1.268816e-02	7.867813e-06
4096	4096	4.226923e-03	1.347113e-02	2.425480e-02	9.775162e-06
8192	4096	8.438826e-03	2.686119e-02	4.819822e-02	1.287460e-05
1	8192	1.120567e-04	7.152557e-06	2.288818e-05	1.907349e-06
2	8192	1.139641e-04	1.406670e-05	4.005432e-05	1.907349e-06
4	8192	1.130104e-04	2.598763e-05	7.200241e-05	1.907349e-06
8	8192	1.530647e-04	5.197525e-05	1.370907e-04	1.907349e-06
16	8192	1.549721e-04	1.089573e-04	2.641678e-04	1.907349e-06
32	8192	1.571178e-04	2.088547e-04	4.518032e-04	2.145767e-06
64	8192	1.578331e-04	4.279613e-04	8.330345e-04	2.861023e-06
128	8192	2.911091e-04	8.730888e-04	1.601934e-03	2.861023e-06
256	8192	5.509853e-04	1.794815e-03	3.160000e-03	5.006790e-06
512	8192	1.074076e-03	3.576994e-03	6.365061e-03	5.006790e-06
1024	8192	2.110958e-03	7.299185e-03	1.273012e-02	7.152557e-06
2048	8192	4.185915e-03	1.436305e-02	2.524900e-02	7.867813e-06
4096	8192	8.336067e-03	2.685714e-02	4.805493e-02	1.001358e-05
8192	8192	1.663494e-02	5.628800e-02	9.787703e-02	1.406670e-05
